,date,own_rank,adv_rank,Rank_Difference
0,1726854586,2042,2448,406
1,1725189677,2168,2445,277
2,1725188472,2122,2443,321
3,1725188168,2440,2122,318
4,1725187443,2122,2438,316
5,1725185557,2438,1832,606
6,1725182911,2000,2438,438
7,1725179649,1998,2438,440
8,1725179156,1998,2437,439
9,1725178783,2437,2004,433
10,1725128852,2031,2437,406
11,1725128200,2437,2031,406
12,1725127421,2147,2437,290
13,1725102268,2437,1962,475
14,1725093956,2437,1650,787
15,1725091961,2003,2435,432
16,1725091067,2434,1950,484
17,1725090309,1693,2434,741
18,1725023165,1939,2434,495
19,1725018538,2434,2123,311
20,1725015501,2434,2166,268
21,1725014549,2434,1970,464
22,1725013928,2434,1996,438
23,1725012565,1969,2434,465
24,1725011386,2116,2434,318
25,1725010634,2116,2433,317
26,1725010032,2116,2433,317
27,1724940229,2433,1049,1384
28,1724921983,2433,1870,563
29,1724921522,2433,2122,311
30,1724919712,2433,1724,709
31,1724918348,1819,2433,614
32,1724868021,2433,2404,29
33,1724866584,1976,2431,455
34,1724863067,2096,2428,332
35,1724862396,2425,2044,381
36,1724861139,2423,2030,393
37,1724859631,2421,2068,353
38,1724857946,1395,2419,1024
39,1724852710,1974,2418,444
40,1724851909,2416,2020,396
41,1724850341,2085,2413,328
42,1724848680,2412,1995,417
43,1724847960,2408,2027,381
44,1724836048,1947,2406,459
45,1724835526,1334,2404,1070
46,1724834841,2401,1969,432
47,1724833545,2106,2398,292
48,1724790513,2397,1678,719
49,1724789411,2230,2392,162
50,1724788842,2390,2046,344
51,1724785283,2190,2386,196
52,1724784628,2384,2030,354
53,1724783754,2382,2030,352
54,1724783187,2380,1703,677
55,1724781399,2098,2377,279
56,1724780881,2374,2098,276
57,1724779946,1824,2372,548
58,1724778978,2370,1824,546
59,1724770373,2366,2098,268
60,1724769125,2364,1992,372
61,1724766720,2098,2361,263
62,1724765658,2355,2293,62
63,1724765408,2353,1969,384
64,1724764716,1920,2349,429
65,1724763937,2347,1643,704
66,1724763444,2344,1920,424
67,1724763133,2340,2098,242
68,1724762625,2336,2098,238
69,1724762214,2098,2333,235
70,1724761921,2329,2098,231
71,1724761239,2098,2324,226
72,1724760576,1946,2322,376
73,1724760424,2319,1946,373
74,1724756088,2312,2293,19
75,1724754716,2307,1959,348
76,1724754129,1937,2306,369
77,1724753733,2305,1937,368
78,1724749580,1869,2305,436
79,1724748932,2293,2305,12
80,1724683674,2305,2228,77
81,1724682669,2304,1864,440
82,1724682252,2304,1982,322
83,1724681251,2304,1862,442
84,1724680320,2304,2225,79
85,1724678454,1981,2303,322
86,1724660474,2303,2078,225
87,1724423816,2303,2182,121
88,1724422213,2222,2303,81
89,1724420852,2303,2291,12
90,1724419614,1970,2303,333
91,1724418014,2099,2302,203
92,1724417292,2155,2302,147
93,1724412697,2116,2302,186
94,1724411267,2302,1995,307
95,1724410474,2179,2301,122
96,1724410033,2301,2179,122
97,1724400420,1765,2301,536
98,1724367209,2301,1682,619
99,1724335245,2253,2290,37
100,1731372647,2446,1215,1231
101,1731240994,2443,2160,283
102,1731240698,2439,2160,279
103,1731240301,2433,2272,161
104,1731239779,2432,1746,686
105,1731239709,47,2431,2384
106,1731239142,0,2431,2431
107,1731238864,1746,2430,684
108,1731238575,2429,1469,960
109,1731195746,994,2429,1435
110,1731195574,2429,994,1435
111,1731194913,297,2428,2131
112,1731194429,1158,2428,1270
113,1731194050,1745,2427,682
114,1731193393,2427,1519,908
115,1731193134,2426,1033,1393
116,1731192813,1033,2426,1393
117,1731192602,814,2426,1612
118,1731192301,39,2425,2386
119,1731191892,0,2424,2424
120,1731191289,2422,2047,375
121,1731191179,2422,824,1598
122,1731190904,45,2421,2376
123,1731190756,1815,2420,605
124,1731189866,1766,2420,654
125,1731189267,2419,1304,1115
126,1731188658,2419,1709,710
127,1730761789,2413,2236,177
128,1730207745,2412,1662,750
129,1730206658,2076,2411,335
130,1730206247,1544,2410,866
131,1730158528,1315,2410,1095
132,1730158488,2409,1462,947
133,1730158010,2409,1951,458
134,1730157345,2409,2205,204
135,1729007878,2333,2409,76
136,1729007035,2406,692,1714
137,1728999780,2104,2404,300
138,1728999027,2402,2104,298
139,1728997392,2400,2104,296
140,1728996925,2398,2104,294
141,1728996532,2395,2104,291
142,1728996143,2393,2104,289
143,1728995515,2392,1737,655
144,1728994686,2386,2383,3
145,1728994150,2374,2386,12
146,1728993101,2386,2364,22
147,1728992639,2361,2104,257
148,1728992307,2360,0,2360
149,1728988632,2341,2350,9
150,1728988094,2345,2194,151
151,1728987798,2340,2194,146
152,1728987225,1651,2339,688
153,1728987185,2337,1797,540
154,1728986440,2335,1842,493
155,1728986045,2333,1943,390
156,1728985461,2193,2327,134
157,1728983424,2326,43,2283
158,1728982793,1570,2325,755
159,1728982523,2323,1279,1044
160,1728949840,2317,1971,346
161,1728949476,2316,1753,563
162,1728948811,2083,2313,230
163,1728948268,2307,2086,221
164,1728947921,2304,2083,221
165,1728947464,2300,2104,196
166,1728947206,2296,2104,192
167,1728945821,2083,2294,211
168,1728944838,1897,2293,396
169,1728913899,2292,1971,321
170,1728908816,2292,660,1632
171,1728907460,2292,1092,1200
172,1728761505,2289,1957,332
173,1728760962,2284,1572,712
174,1728760643,1939,2281,342
175,1728757329,2277,2025,252
176,1728756895,2276,2081,195
177,1728756287,2276,2495,219
178,1728755524,2273,1135,1138
179,1728753278,1957,2270,313
180,1728752553,2269,1957,312
181,1728750798,2268,1937,331
182,1728647446,2268,1009,1259
183,1728647050,2267,1519,748
184,1728646738,0,2266,2266
185,1728646141,1950,2266,316
186,1728645481,2265,1695,570
187,1728645454,1695,2264,569
188,1728644971,1695,2263,568
189,1728644099,2263,1939,324
190,1728393282,1947,2259,312
191,1727357973,1936,2255,319
192,1727206715,2245,2459,214
193,1727205642,1925,2242,317
194,1727204987,2241,1890,351
195,1727204318,1997,2241,244
196,1727202816,2241,2373,132
197,1727202455,2373,2229,144
198,1727202100,2225,1945,280
199,1727200542,2220,2106,114
200,1723824704,1985,1965,20
201,1723824472,2230,1965,265
202,1723823786,1965,1974,9
203,1723823398,1990,1956,34
204,1723823100,1946,2229,283
205,1723822421,2228,1946,282
206,1723815781,2219,1930,289
207,1723814411,2219,1919,300
208,1723813218,1919,2217,298
209,1723812642,1913,2217,304
210,1723811675,1913,2075,162
211,1723811336,2075,1901,174
212,1723811011,1972,1892,80
213,1723809558,1882,1972,90
214,1723808478,2035,1870,165
215,1723808001,1977,1859,118
216,1723805989,1976,1849,127
217,1723805444,1976,1831,145
218,1723804262,2174,1815,359
219,1723803214,1815,2054,239
220,1723802300,2174,1796,378
221,1723801646,2174,1796,378
222,1723800478,2087,1796,291
223,1723797300,1796,2053,257
224,1723796901,1996,1773,223
225,1723796304,2085,1773,312
226,1723795497,1763,1979,216
227,1723795347,1978,1763,215
228,1723409107,1963,1763,200
229,1723408853,1963,1733,230
230,1723408165,1727,2072,345
231,1723407574,2168,1697,471
232,1723405441,2156,1697,459
233,1723403197,1661,2197,536
234,1723402724,1623,1861,238
235,1723401961,1991,1623,368
236,1723401451,1928,1587,341
237,1723322345,1587,2113,526
238,1723317121,1989,1537,452
239,1723316762,1487,2090,603
240,1723316151,1874,1434,440
241,1723315716,1376,1988,612
242,1723309680,1361,2146,785
243,1723309343,1917,1294,623
244,1723308937,1222,1944,722
245,1723308562,1200,1983,783
246,1723307227,1927,1116,811
247,1723307049,1025,1913,888
248,1723306660,1890,929,961
249,1723306007,1926,905,1021
250,1723304215,1594,792,802
251,1723303982,670,1594,924
252,1723303633,1688,538,1150
253,1723303430,396,1458,1062
254,1723303103,290,256,34
255,1723302292,1716,247,1469
256,1723302157,1538,72,1466
257,1723302001,0,883,883
258,1730990073,1555,1478,77
259,1730989100,1472,2029,557
260,1730987985,1885,1446,439
261,1730987098,1440,2029,589
262,1730772705,1433,1909,476
263,1730771827,0,1420,1420
264,1729258441,1361,1395,34
265,1729257015,1359,1703,344
266,1729256335,1488,1324,164
267,1724676617,1318,1554,236
268,1724675815,1829,1310,519
269,1724675063,1308,1907,599
270,1724672154,1258,1797,539
271,1724671611,1792,1248,544
272,1724670868,1191,1801,610
273,1724670362,1644,1130,514
274,1724669622,1907,1120,787
275,1724668919,1835,1106,729
276,1724668475,1035,1800,765
277,1724667657,1718,1035,683
278,1724666714,1012,1951,939
279,1724640185,1886,1004,882
280,1724639295,903,1886,983
281,1724638763,1759,794,965
282,1724638076,757,2046,1289
283,1724637267,710,2084,1374
284,1724636652,570,1799,1229
285,1724635615,422,1704,1282
286,1724634329,259,1653,1394
287,1724633857,85,1564,1479
288,1724633340,1350,0,1350
289,1731586813,2425,1834,591
290,1731584317,2107,2425,318
291,1731583311,2425,1935,490
292,1731514254,1933,2425,492
293,1731513525,2425,1642,783
294,1731512977,2425,1287,1138
295,1731512414,1287,2425,1138
296,1731511379,2354,2425,71
297,1731510771,1762,2425,663
298,1731510288,2425,1428,997
299,1731510175,989,2425,1436
300,1731504603,2425,2107,318
301,1731503071,2425,1548,877
302,1731502255,1548,2425,877
303,1731500401,2425,1861,564
304,1731499782,2425,0,2425
305,1731498291,190,2425,2235
306,1731497741,1813,2425,612
307,1731444046,1941,2425,484
308,1731372413,2080,2425,345
309,1731371708,1478,2425,947
310,1731346199,2425,1552,873
311,1731345688,1793,2425,632
312,1731330796,2425,1597,828
313,1731330283,2425,1724,701
314,1731329934,1574,2425,851
315,1731329499,2425,1574,851
316,1731329034,2425,0,2425
317,1731328731,2110,2425,315
318,1731327961,2425,1892,533
319,1731151675,2425,981,1444
320,1731147208,1560,2425,865
321,1731146618,1560,2425,865
322,1730986618,0,2425,2425
323,1730986535,2425,1507,918
324,1730984952,2425,2029,396
325,1730984869,2425,1490,935
326,1730984127,2425,1376,1049
327,1730982327,2029,2425,396
328,1730977766,365,2425,2060
329,1730977318,2425,1641,784
330,1730976293,0,2425,2425
331,1730975455,1572,2425,853
332,1730974684,218,2425,2207
333,1730974215,2425,204,2221
334,1730973355,2074,2425,351
335,1730767894,2425,1196,1229
336,1730738205,1904,2425,521
337,1730737526,2425,1904,521
338,1730737219,1709,2425,716
339,1730736743,2425,1709,716
340,1730735926,2425,2150,275
341,1730735291,1835,2425,590
342,1730734608,1814,2425,611
343,1730730588,1799,2425,626
344,1730729940,2425,1799,626
345,1730729770,0,2425,2425
346,1730728744,2425,2150,275
347,1730722667,2425,2029,396
348,1730721158,1908,2425,517
349,1730719880,1913,2425,512
350,1730718797,2425,1904,521
351,1730718455,1539,2425,886
352,1730717893,2425,1382,1043
353,1730631533,2425,27,2398
354,1730630362,2425,1827,598
355,1730629823,936,2425,1489
356,1730627839,1113,2425,1312
357,1730627222,1095,2425,1330
358,1730626729,2425,1079,1346
359,1730625772,2425,1941,484
360,1730584134,2425,2338,87
361,1730545708,2425,2005,420
362,1730531871,2425,1972,453
363,1730531164,1475,2425,950
364,1730531067,2425,1789,636
365,1730530993,2425,1789,636
366,1730468101,1748,2425,677
367,1730454503,1382,2425,1043
368,1730452773,2215,2425,210
369,1730452166,1382,2425,1043
370,1730445151,1585,2425,840
371,1730442178,2172,2425,253
372,1730441574,658,2425,1767
373,1730440997,2425,1270,1155
374,1730440319,2172,2425,253
375,1730439757,2425,1829,596
376,1730439336,2425,0,2425
377,1730438668,2425,1460,965
378,1730438337,2425,853,1572
379,1730437920,2425,470,1955
380,1730437671,2425,649,1776
381,1730432131,1683,2425,742
382,1730431558,2425,1683,742
383,1730431009,2425,2284,141
384,1730430005,2284,2425,141
385,1730429347,2425,2284,141
386,1730428820,2425,0,2425
387,1730428540,2167,2425,258
388,1730428307,2425,2167,258
389,1731455111,1751,1941,190
390,1731454703,1749,1462,287
391,1731454372,1749,2459,710
392,1731452992,1743,1736,7
393,1731452609,1739,1848,109
394,1731451124,1737,1895,158
395,1731450865,1568,1734,166
396,1731450572,1568,1732,164
397,1730256384,1729,1769,40
398,1730255433,1876,1729,147
399,1730254897,1865,1729,136
400,1730254434,1727,945,782
401,1730254101,1724,946,778
402,1730253725,0,1722,1722
403,1730253458,1719,923,796
404,1730253180,1716,924,792
405,1730252573,1714,293,1421
406,1730252217,1711,158,1553
407,1727528790,1711,1861,150
408,1726574393,1088,1711,623
409,1726573811,1708,1676,32
410,1726573065,1664,1705,41
411,1726572247,2062,1705,357
412,1726571664,2236,1705,531
413,1726571250,2060,1705,355
414,1726570462,2058,1705,353
415,1726569772,1698,1814,116
416,1726568971,2054,1698,356
417,1726568465,1685,1752,67
418,1726532556,1666,1649,17
419,1726531776,1643,1857,214
420,1726525892,1621,1765,144
421,1726524690,1597,1774,177
422,1726524015,1578,1774,196
423,1726523131,840,1578,738
424,1726522879,1578,712,866
425,1726522484,1747,1578,169
426,1726521816,2276,1571,705
427,1726521623,1566,1964,398
428,1726520794,1481,1537,56
429,1726519787,1504,1856,352
430,1726518911,1856,1468,388
431,1726518362,1856,1431,425
432,1726517932,1805,1391,414
433,1726517572,1809,1351,458
434,1726517113,1339,1943,604
435,1726500273,1292,1713,421
436,1726498545,1728,1241,487
437,1726498047,1901,1226,675
438,1726497409,1168,1717,549
439,1726496952,1106,1620,514
440,1726496130,1041,1717,676
441,1723415505,1731,971,760
442,1723414395,962,1540,578
443,1723414076,1514,881,633
444,1723413088,1665,862,803
445,1723412644,1735,848,887
446,1723411809,1795,829,966
447,1723411571,720,1534,814
448,1723411054,704,1520,816
449,1723410110,1567,576,991
450,1723409670,1617,437,1180
451,1722600120,483,325,158
452,1722599848,228,0,228
453,1722599516,201,1352,1151
454,1722599323,28,1200,1172
455,1722599185,0,0,0
456,1724445127,862,0,862
457,1728848721,2342,2264,78
458,1728847970,2342,1971,371
459,1728417632,2225,2342,117
460,1728330868,2342,2214,128
461,1728329756,2150,2341,191
462,1728329489,2341,1975,366
463,1728239763,2341,1985,356
464,1728141516,2213,2341,128
465,1728140368,2341,2190,151
466,1728129569,2341,2163,178
467,1728128493,2341,1932,409
468,1728074194,2341,2358,17
469,1728072497,2341,1955,386
470,1728069309,2341,2083,258
471,1727989013,2474,2341,133
472,1727988113,2341,2083,258
473,1727986215,2253,2341,88
474,1727985303,2253,2341,88
475,1727984848,2341,1978,363
476,1727984356,1956,2341,385
477,1727969271,2236,2341,105
478,1727968996,2341,2229,112
479,1727968460,1925,2341,416
480,1727889150,1952,2341,389
481,1727888044,2025,2341,316
482,1727881899,2341,1580,761
483,1727816070,2338,1984,354
484,1727814843,2331,2459,128
485,1727721002,2225,2325,100
486,1727720127,2324,1874,450
487,1727718369,2373,2315,58
488,1727717844,1905,2313,408
489,1727716875,2305,2175,130
490,1727714754,2302,1982,320
491,1727711808,2292,2373,81
492,1727643688,2289,1964,325
493,1727634290,1954,2286,332
494,1727633120,2280,2225,55
495,1727630966,2278,2161,117
496,1727630044,2278,2161,117
497,1727507437,2078,2278,200
498,1727506853,2278,2078,200
499,1727461566,2200,2278,78
500,1727459114,2278,2146,132
501,1727457336,2274,2132,142
502,1727456441,1973,2270,297
503,1727383256,2268,1987,281
504,1727382300,2268,1743,525
505,1727380511,2170,2268,98
506,1727296034,2268,2302,34
507,1727294127,2258,2358,100
508,1727293290,2300,2246,54
509,1727288258,2242,1841,401
510,1727287079,2232,2358,126
511,1727287009,2293,2218,75
512,1727286056,2206,2358,152
513,1727284985,2293,2191,102
514,1727284321,2185,2036,149
515,1727283432,2174,2358,184
516,1727281783,2174,2358,184
517,1727281036,2174,2358,184
518,1727279564,1942,2174,232
519,1727278546,1998,2174,176
520,1727193684,2373,2174,199
521,1727192984,2173,2131,42
522,1727123024,2001,2173,172
523,1727117582,2173,2369,196
524,1727116118,2130,2173,43
525,1727111751,2173,1924,249
526,1727109810,2173,2369,196
527,1727024775,1663,2173,510
528,1727019376,2173,2358,185
529,1727018467,2173,2322,149
530,1727018038,2322,2173,149
531,1727000159,1911,2173,262
532,1726999894,1940,2173,233
533,1726998875,2173,1910,263
534,1726997219,1954,2172,218
535,1726938734,1395,2172,777
536,1726937937,2104,2172,68
537,1726937395,2172,2000,172
538,1726936580,2000,2172,172
539,1726936142,2172,2000,172
540,1726935254,2172,2104,68
541,1726932860,2172,2321,149
542,1726930990,2321,2172,149
543,1726930000,2321,2171,150
544,1726864646,2006,2171,165
545,1726864201,1956,2171,215
546,1726862104,2171,2282,111
547,1726860993,1725,2171,446
548,1726514204,2171,2005,166
549,1726423818,1768,2171,403
550,1726422847,2171,1905,266
551,1726402161,2170,1840,330
552,1726401132,2170,2298,128
553,1726400197,1387,2170,783
554,1726399671,1373,2170,797
555,1726399108,2170,1358,812
556,1726398245,1951,2169,218
557,1725034452,1847,1962,115
558,1725033955,1815,1845,30
559,1725029555,1845,1852,7
560,1725029089,1990,1845,145
561,1725028782,1990,1845,145
562,1725028510,1838,1990,152
563,1725028278,1836,1990,154
564,1725027891,1836,2136,300
565,1725027107,1942,1836,106
566,1725026519,2101,1819,282
567,1725026135,2136,1809,327
568,1725025858,1903,1807,96
569,1725025518,2133,1807,326
570,1725025101,1807,1941,134
571,1725024371,1876,1803,73
572,1725023392,1803,2133,330
573,1725022591,1763,1796,33
574,1725021851,1796,2129,333
575,1725021270,1794,2129,335
576,1725020188,1794,2028,234
577,1724960284,790,1794,1004
578,1724959791,1793,2131,338
579,1724958795,1859,1791,68
580,1724877127,1420,1791,371
581,1724876451,1966,1791,175
582,1724875953,1791,2022,231
583,1724875520,1903,1780,123
584,1724875138,1903,1769,134
585,1724874760,1903,1764,139
586,1724874237,1762,1797,35
587,1724873440,1076,1760,684
588,1724872533,1760,1888,128
589,1724871879,1758,1762,4
590,1724870932,2022,1758,264
591,1724869893,2022,1758,264
592,1724869057,1753,2022,269
593,1724864684,1753,2021,268
594,1724863571,1915,1741,174
595,1724862838,1728,1915,187
596,1724861872,1721,1837,116
597,1724861573,1718,1837,119
598,1724860500,1718,1837,119
599,1724860124,1713,1837,124
600,1724859862,1837,1711,126
601,1724859237,1705,1709,4
602,1724858777,1693,1709,16
603,1724858363,1709,1681,28
604,1724857850,1706,1760,54
605,1724841860,1704,1910,206
606,1724841318,1704,1734,30
607,1724840448,1910,1704,206
608,1724839511,1910,1696,214
609,1724798764,1694,1844,150
610,1724798169,1793,1691,102
611,1724797823,1791,1691,100
612,1724797252,1691,1736,45
613,1724788099,1682,1245,437
614,1724787513,1451,1672,221
615,1724787194,1765,1666,99
616,1724786716,1739,1664,75
617,1724785955,1657,1661,4
618,1724777422,1855,1661,194
619,1724775678,1854,1661,193
620,1724596838,1661,1902,241
621,1724594336,1658,1858,200
622,1724591492,1658,1901,243
623,1724590847,1645,1901,256
624,1724590044,1822,1632,190
625,1724589677,1857,1620,237
626,1724588790,1682,1609,73
627,1724588368,1597,1691,94
628,1724587454,1691,1589,102
629,1723593504,1726,1589,137
630,1723593353,1724,1589,135
631,1723591765,1569,1643,74
632,1723585614,1569,1732,163
633,1723417882,1816,1546,270
634,1723417384,1546,1815,269
635,1723228668,1546,1710,164
636,1723227828,1721,1519,202
637,1722688464,1698,1517,181
638,1722688288,1668,1492,176
639,1722687183,1492,1619,127
640,1722620434,1717,1492,225
641,1722619791,1347,1492,145
642,1722619239,1774,1492,282
643,1722618635,1394,1458,64
644,1722618246,1454,1763,309
645,1722618084,1412,1688,276
646,1722617187,1791,1408,383
647,1722616632,1360,1653,293
648,1722615936,1637,1309,328
649,1722615456,1306,1704,398
650,1722463450,1300,1638,338
651,1722460879,1598,1297,301
652,1722458419,1280,1864,584
653,1722457757,1591,1212,379
654,1722455858,1201,1562,361
655,1722454829,1231,1134,97
656,1722454101,1198,1062,136
657,1724341775,1622,1940,318
658,1724341362,1841,1597,244
659,1723997699,1597,1908,311
660,1723996064,2031,1592,439
661,1723995837,1563,1840,277
662,1723995284,1561,1894,333
663,1723994750,1529,1906,377
664,1723993846,2153,1520,633
665,1723993608,1676,1484,192
666,1723993191,1780,1446,334
667,1723586529,1444,1765,321
668,1723585929,1444,1781,337
669,1723584897,1444,1872,428
670,1723584518,1861,1396,465
671,1723499738,1394,1846,452
672,1723499242,2007,1340,667
673,1723498909,1836,1283,553
674,1723498316,1812,1222,590
675,1723497974,1159,1467,308
676,1723496742,1756,1089,667
677,1723494890,1739,1014,725
678,1723493063,1659,933,726
679,1723492687,846,1635,789
680,1723225992,1495,836,659
681,1723225547,735,1623,888
682,1723225291,1471,625,846
683,1723224924,794,612,182
684,1723139431,588,532,56
685,1722691168,1419,505,914
686,1722689973,361,1407,1046
687,1722689118,249,325,76
688,1722622197,1582,204,1378
689,1722552103,686,51,635
690,1722551613,0,459,459
691,1725038089,2324,2119,205
692,1724776930,2477,2324,153
693,1724593590,2323,2186,137
694,1724592993,2131,2323,192
695,1724592593,1713,2323,610
696,1724586307,2323,2223,100
697,1724538269,2323,2229,94
698,1724537026,2323,2229,94
699,1724535996,2323,2046,277
700,1724535378,2323,2314,9
701,1724534926,2322,2309,13
702,1724450023,2165,2322,157
703,1724449705,2322,2083,239
704,1724449243,2227,2322,95
705,1724448431,2322,2227,95
706,1724447481,2322,2043,279
707,1724447035,2322,2031,291
708,1724446336,2031,2322,291
709,1724446036,2321,1987,334
710,1724435194,2321,1971,350
711,1724366610,2169,2321,152
712,1724365626,1661,2321,660
713,1724340374,2321,1965,356
714,1724335852,1964,2320,356
715,1724276263,2320,2116,204
716,1724269370,2320,2140,180
717,1724268904,2320,2294,26
718,1724268225,2320,1943,377
719,1724267901,2140,2319,179
720,1724267362,2319,2035,284
721,1724266876,2319,2035,284
722,1724266352,2031,2318,287
723,1724265994,2318,1940,378
724,1724265597,2229,2318,89
725,1724187216,2318,2226,92
726,1724186906,1881,2317,436
727,1724186654,2317,1881,436
728,1724185676,2224,2317,93
729,1724185287,1944,2317,373
730,1724183507,2317,1732,585
731,1724182885,2316,2032,284
732,1724182499,2032,2316,284
733,1724181961,2315,1966,349
734,1724181585,2315,2166,149
735,1724181019,2315,2021,294
736,1724180491,2315,1926,389
737,1724179301,2314,2055,259
738,1724178063,2314,1598,716
739,1724177670,1587,2314,727
740,1724177625,2313,2226,87
741,1724177241,2313,2225,88
742,1724176888,2313,2225,88
743,1724176558,2225,2313,88
744,1724176133,2312,1652,660
745,1724175870,2231,2312,81
746,1724175303,2311,2231,80
747,1724175058,2311,2151,160
748,1724174633,2311,2231,80
749,1724174028,2311,2220,91
750,1724173675,2310,1589,721
751,1724173251,1889,2310,421
752,1724173093,2066,2310,244
753,1724172753,2310,2203,107
754,1724172307,2169,2310,141
755,1724171666,2198,2310,112
756,1724171274,2310,2116,194
757,1724090059,2310,2233,77
758,1724089766,2310,2224,86
759,1724089364,2309,2160,149
760,1724089054,2171,2309,138
761,1724086473,2224,2305,81
762,1724086189,2304,2224,80
763,1724085825,2303,2224,79
764,1724084704,2475,2303,172
765,1724083156,2290,2475,185
766,1724082663,2283,2011,272
767,1724082356,2276,1955,321
768,1724081360,2272,2275,3
769,1724080947,2274,2008,266
770,1724079912,2160,2274,114
771,1723998371,2270,2060,210
772,1723996673,2267,2020,247
773,1723932261,2261,2003,258
774,1723932047,2003,2256,253
775,1723931709,2252,2012,240
776,1723930827,2058,2248,190
777,1723930117,2058,2243,185
778,1723929690,2058,2239,181
779,1723929405,2234,2058,176
780,1723928590,2231,1892,339
781,1723928077,2226,1805,421
782,1723927500,2222,2067,155
783,1723926949,2218,1942,276
784,1723926535,2212,2013,199
785,1723926026,2205,2054,151
786,1723925450,2201,2135,66
787,1723920227,2201,1940,261
788,1723919844,2030,2200,170
789,1723919565,2200,1939,261
790,1723918737,2199,2152,47
791,1731557887,1400,2305,905
792,1731557510,1061,2305,1244
793,1731556515,2231,2305,74
794,1731556164,2305,1463,842
795,1731555209,1540,2305,765
796,1731554502,2305,1836,469
797,1731554082,2305,1836,469
798,1731553428,1844,2305,461
799,1731552757,2047,2305,258
800,1731552040,2305,1617,688
801,1731507842,2080,2305,225
802,1731506776,2113,2305,192
803,1731506355,2305,221,2084
804,1731506147,2304,766,1538
805,1731505770,2304,1322,982
806,1731505430,457,2304,1847
807,1731505122,2304,1451,853
808,1731504694,0,2303,2303
809,1731503612,2298,2079,219
810,1731502993,2298,1645,653
811,1731502835,2297,0,2297
812,1731502147,2297,1645,652
813,1731501806,1626,2296,670
814,1731501326,1601,2296,695
815,1731501005,1243,2295,1052
816,1731500745,2295,214,2081
817,1731500662,174,2294,2120
818,1731500479,2293,497,1796
819,1731499771,2291,1818,473
820,1731498816,2291,1836,455
821,1731498766,2288,1817,471
822,1731498422,1114,2288,1174
823,1731497568,1109,2287,1178
824,1731497093,1976,2286,310
825,1731496885,2286,1484,802
826,1731496059,2286,1821,465
827,1731495718,2286,1977,309
828,1731495638,2286,1484,802
829,1731495213,1493,2286,793
830,1731494790,757,2286,1529
831,1731493926,2164,2286,122
832,1731493273,2164,2286,122
833,1731493042,2286,0,2286
834,1731492482,2286,1484,802
835,1731491245,2164,2286,122
836,1731490794,2286,1283,1003
837,1731490001,1812,2286,474
838,1731489538,886,2286,1400
839,1731488297,1644,2286,642
840,1731487960,2286,1666,620
841,1731487323,2286,1666,620
842,1731486379,2286,1666,620
843,1731485844,1666,2286,620
844,1731484738,2286,1922,364
845,1731481818,2286,1831,455
846,1731481007,2286,2021,265
847,1731480948,2286,2021,265
848,1731480467,2286,1569,717
849,1731480077,2286,1569,717
850,1731479824,2286,710,1576
851,1731479597,2286,1349,937
852,1731479308,2286,886,1400
853,1731478873,2286,1711,575
854,1731478463,1828,2286,458
855,1731478085,2286,886,1400
856,1731476511,2286,1985,301
857,1731475804,1985,2286,301
858,1731475443,1380,2286,906
859,1731474709,1463,2286,823
860,1731474226,2286,1985,301
861,1731473666,1199,2286,1087
862,1731472300,1678,2286,608
863,1731472277,1827,2286,459
864,1731471645,2286,1675,611
865,1731471525,1683,2286,603
866,1731470674,1515,2286,771
867,1731470202,1515,2286,771
868,1731469546,2286,1698,588
869,1731469069,1825,2286,461
870,1731468212,1666,2286,620
871,1731467098,2286,1655,631
872,1731349335,2037,2286,249
873,1731349178,2286,1505,781
874,1731348144,2286,2250,36
875,1731347583,2286,2250,36
876,1731346304,2286,2250,36
877,1731345709,2286,2250,36
878,1731345161,2250,2286,36
879,1731344145,2286,2250,36
880,1731343668,2286,1277,1009
881,1731342521,2286,2017,269
882,1731341796,2286,2003,283
883,1731341158,2286,1988,298
884,1731340300,2286,2046,240
885,1731251536,2286,1517,769
886,1731251013,2113,2286,173
887,1731250319,2286,1983,303
888,1731248885,1980,2286,306
889,1731248164,2286,2003,283
890,1731246981,1983,2283,300
891,1728847114,249,1433,1184
892,1728846449,86,1433,1347
893,1728715961,0,1439,1439
894,1728845791,343,1512,1169
895,1728845247,1719,285,1434
896,1728844904,1599,128,1471
897,1728717493,0,1203,1203
898,1728716894,1565,0,1565
899,1728150688,1593,0,1593
900,1728497786,2195,2280,85
901,1728497256,2195,2279,84
902,1728496822,2197,2279,82
903,1728494860,2187,2279,92
904,1728446226,2233,2279,46
905,1728445433,2233,2279,46
906,1728444554,2233,2278,45
907,1728443468,2232,2278,46
908,1728442616,2231,2278,47
909,1728358323,2221,2278,57
910,1728357564,2220,2278,58
911,1728354764,2220,2278,58
912,1728270981,2278,2315,37
913,1728270512,2278,2082,196
914,1728270268,2104,2278,174
915,1728267589,2071,2277,206
916,1728266917,2277,2071,206
917,1728265821,1921,2277,356
918,1728264823,2276,1195,1081
919,1728097497,2276,2004,272
920,1728097058,1994,2276,282
921,1728096801,1994,2275,281
922,1728013153,2118,2274,156
923,1728012176,2067,2274,207
924,1728011258,2067,2273,206
925,1728010380,2122,2273,151
926,1728009639,2272,2066,206
927,1728008529,2066,2272,206
928,1728004309,1966,2271,305
929,1728003272,1966,2271,305
930,1728002403,1966,2271,305
931,1728001564,2270,1966,304
932,1727828947,2270,2222,48
933,1727828285,2222,2270,48
934,1727827453,2222,2269,47
935,1727754365,2142,2269,127
936,1727753602,2089,2269,180
937,1727753245,2269,1951,318
938,1727750940,1992,2268,276
939,1727746438,2422,2267,155
940,1727667409,1947,2267,320
941,1727667213,1947,2266,319
942,1727666409,2266,1947,319
943,1727665592,2266,2228,38
944,1727665220,2265,1936,329
945,1727664445,2265,1796,469
946,1727662371,1824,2264,440
947,1727661233,2311,2264,47
948,1727660354,2392,2264,128
949,1727659333,2311,2264,47
950,1727658651,2264,2311,47
951,1727657686,2261,1963,298
952,1727656640,2311,2261,50
953,1727651517,2260,1965,295
954,1727651183,1891,2260,369
955,1727650591,2259,1891,368
956,1727649863,1891,2258,367
957,1727649047,2258,1891,367
958,1727648490,1902,2257,355
959,1727639330,2256,2459,203
960,1727637142,2256,2225,31
961,1727636508,2225,2255,30
962,1727635011,2225,2254,29
963,1727632818,2162,2254,92
964,1727631941,2253,2162,91
965,1727575141,2171,2252,81
966,1727573974,2171,2252,81
967,1727573115,2252,2171,81
968,1727505190,2251,1936,315
969,1727487609,2226,2251,25
970,1727486949,2251,2171,80
971,1727485424,2251,2202,49
972,1727484116,2250,1904,346
973,1727470675,2079,2250,171
974,1727469750,2250,1947,303
975,1727409685,1277,2249,972
976,1727408900,2248,2077,171
977,1727408152,2077,2248,171
978,1727407248,2247,2077,170
979,1727334340,1711,2247,536
980,1727333471,2246,1704,542
981,1727332221,2037,2246,209
982,1727331482,1937,2245,308
983,1727315086,2244,1893,351
984,1727313879,1697,2243,546
985,1727313656,2242,1692,550
986,1727313456,1945,2242,297
987,1727313175,2241,1945,296
988,1727312170,2241,2064,177
989,1727311658,2232,2222,10
990,1727242425,2228,1978,250
991,1727240244,2225,1893,332
992,1727239986,2222,2039,183
993,1727239336,2039,2221,182
994,1727236632,2346,2220,126
995,1727235181,2346,2219,127
996,1727234139,2346,2218,128
997,1727233438,2217,1863,354
998,1727231933,2178,2217,39
999,1727155086,1931,2216,285
1000,1731494522,561,1712,1151
1001,1731492873,1977,1711,266
1002,1731491376,1709,1501,208
1003,1731404884,1606,1709,103
1004,1731338597,2046,1709,337
1005,1731333174,1171,1708,537
1006,1731330712,1708,2036,328
1007,1731330119,1708,2113,405
1008,1731329408,1707,1601,106
1009,1731328827,1707,1552,155
1010,1731134516,1707,1967,260
1011,1731134190,2125,1707,418
1012,1731133605,2253,1707,546
1013,1731133254,2253,1707,546
1014,1731132010,2253,1707,546
1015,1731075217,1707,2226,519
1016,1731074629,1514,1705,191
1017,1731050385,337,1704,1367
1018,1730891276,1702,1752,50
1019,1730630525,1443,1701,258
1020,1730628834,1701,1695,6
1021,1730548412,1803,1701,102
1022,1730547627,1624,1701,77
1023,1730456497,1590,1701,111
1024,1730456049,1699,1590,109
1025,1730455784,1270,1699,429
1026,1730455276,1643,1697,54
1027,1730454919,1696,1643,53
1028,1730454422,1694,1396,298
1029,1730454106,706,1694,988
1030,1730453746,1692,689,1003
1031,1730453199,1691,1638,53
1032,1730452689,1605,1691,86
1033,1730452010,1689,96,1593
1034,1730451504,1603,1687,84
1035,1730450196,2251,1687,564
1036,1730449817,1687,1833,146
1037,1730435310,1686,1282,404
1038,1730208484,2046,1686,360
1039,1730174176,1006,1686,680
1040,1729842440,1684,825,859
1041,1729829586,1684,1517,167
1042,1729828286,1681,1396,285
1043,1729395697,1679,1409,270
1044,1729394985,1678,1572,106
1045,1729394186,1676,2132,456
1046,1729389339,1674,1342,332
1047,1729092630,1920,1674,246
1048,1729082916,1674,1725,51
1049,1729082753,1672,1725,53
1050,1729081640,1672,1467,205
1051,1729081272,1667,1071,596
1052,1729065966,1879,1658,221
1053,1729065092,210,1654,1444
1054,1729061504,1650,0,1650
1055,1729060526,1646,867,779
1056,1729057764,0,1642,1642
1057,1729056937,1642,2496,854
1058,1729056285,273,1640,1367
1059,1729055680,1679,1638,41
1060,1729055003,1638,1926,288
1061,1729054087,1636,1527,109
1062,1729053727,1455,1633,178
1063,1729014666,1597,1633,36
1064,1729013111,1623,1633,10
1065,1729012536,1936,1616,320
1066,1729011933,1633,1614,19
1067,1729011104,1601,1611,10
1068,1729010569,1611,1843,232
1069,1729009952,1974,1611,363
1070,1729009040,1466,1609,143
1071,1729000209,1823,1609,214
1072,1728998914,1604,0,1604
1073,1728994316,1592,1817,225
1074,1728992628,1892,1590,302
1075,1728989029,1515,1572,57
1076,1728986150,845,1558,713
1077,1728981085,1548,509,1039
1078,1728979351,1543,2189,646
1079,1728978609,1539,1895,356
1080,1728975408,1889,1522,367
1081,1728974129,7,1514,1507
1082,1728973788,2407,1511,896
1083,1728972916,1861,1505,356
1084,1728954640,1460,1487,27
1085,1728916244,1855,1482,373
1086,1728911974,0,1472,1472
1087,1728821695,1821,1468,353
1088,1728800937,707,1468,761
1089,1728798406,488,1453,965
1090,1728797324,1905,1445,460
1091,1728795739,1813,1414,399
1092,1728792602,1672,1381,291
1093,1728791103,190,1366,1176
1094,1728789049,1579,1331,248
1095,1728787397,1314,422,892
1096,1728748284,1410,1279,131
1097,1728738431,1766,1239,527
1098,1728735957,1198,1766,568
1099,1728649676,1509,1156,353
1100,1731408491,2164,2005,159
1101,1731399874,2062,2005,57
1102,1731399668,2005,0,2005
1103,1731399251,1996,2005,9
1104,1731398963,2005,2054,49
1105,1731398643,1511,2004,493
1106,1731391588,2205,2004,201
1107,1731382876,1002,2004,1002
1108,1731382807,1358,2004,646
1109,1731382478,2003,1358,645
1110,1731382032,2462,2003,459
1111,1731327187,2003,2036,33
1112,1731313851,1553,2003,450
1113,1731248164,2286,2003,283
1114,1731231368,2004,2003,1
1115,1731135765,2002,1433,569
1116,1731135026,1433,2002,569
1117,1731076688,2002,1746,256
1118,1730804480,1992,2002,10
1119,1730803699,1992,2002,10
1120,1730798246,2002,1421,581
1121,1730796655,2002,1964,38
1122,1730796552,2001,1181,820
1123,1730796256,2091,2001,90
1124,1730795783,1181,2001,820
1125,1730795150,2091,2001,90
1126,1730793174,1183,2001,818
1127,1730792172,1161,2000,839
1128,1730779852,2205,2000,205
1129,1730705520,1879,2000,121
1130,1730705121,2000,660,1340
1131,1730626787,1999,177,1822
1132,1730626492,126,1999,1873
1133,1730538752,2386,1999,387
1134,1730462317,1999,2205,206
1135,1730387300,1999,1764,235
1136,1730384187,1744,1999,255
1137,1730291346,1744,1999,255
1138,1730291114,1998,2022,24
1139,1730273356,1880,1998,118
1140,1730256415,2249,1998,251
1141,1730254476,2249,1998,251
1142,1730214935,2046,1998,48
1143,1730208844,2046,1998,48
1144,1730122433,2019,1998,21
1145,1730102870,1998,2330,332
1146,1730101804,1997,2074,77
1147,1730101106,1997,2115,118
1148,1730098711,1807,1997,190
1149,1730098092,1997,1805,192
1150,1730097398,1995,1517,478
1151,1730096391,1994,1265,729
1152,1730096114,1994,1265,729
1153,1730094856,1740,1990,250
1154,1730094653,1003,1987,984
1155,1730094313,1986,829,1157
1156,1729754115,1220,1983,763
1157,1729478422,2137,1969,168
1158,1729477308,1967,1588,379
1159,1729476779,1963,1750,213
1160,1729476347,1960,1773,187
1161,1729475509,1852,1959,107
1162,1729475231,1959,1898,61
1163,1729438833,1953,1959,6
1164,1729437896,1959,1911,48
1165,1729436903,1958,1941,17
1166,1729436402,1958,1659,299
1167,1729435473,1659,1957,298
1168,1729435103,1957,2224,267
1169,1729433608,2018,1957,61
1170,1729433228,2109,1957,152
1171,1729432823,1957,2278,321
1172,1729431790,2109,1957,152
1173,1729430816,2109,1957,152
1174,1729430504,0,1956,1956
1175,1729429735,2109,1956,153
1176,1729429320,1845,1956,111
1177,1729428944,1956,1833,123
1178,1729428101,1956,2053,97
1179,1729427038,2053,1950,103
1180,1729425811,1681,1950,269
1181,1729424050,1949,2045,96
1182,1729423371,1949,1778,171
1183,1729422741,1949,2075,126
1184,1729421701,1778,1948,170
1185,1729421366,1778,1948,170
1186,1729420945,1947,1778,169
1187,1729418630,2042,1947,95
1188,1729416419,1947,1730,217
1189,1729414508,1901,1946,45
1190,1729412252,1946,902,1044
1191,1729409473,1946,2030,84
1192,1729409149,1946,1931,15
1193,1729408257,564,1945,1381
1194,1729406586,2407,1945,462
1195,1729405637,1945,2025,80
1196,1729405402,186,1945,1759
1197,1729404745,1945,2053,108
1198,1729403912,2265,1945,320
1199,1729403525,2110,1931,179
1200,1731589248,2134,2269,135
1201,1731583521,2008,2269,261
1202,1731478316,2021,2269,248
1203,1731475715,2269,1490,779
1204,1731410336,555,2269,1714
1205,1731403791,2164,2269,105
1206,1731403433,2164,2269,105
1207,1731402823,2269,1976,293
1208,1731402286,2269,2111,158
1209,1731402250,2269,1800,469
1210,1731401598,2269,1976,293
1211,1731400910,2269,1799,470
1212,1731400528,2269,0,2269
1213,1731396744,573,2269,1696
1214,1731395938,2269,1736,533
1215,1731395223,2269,1507,762
1216,1731388140,2462,2269,193
1217,1731380971,2269,1503,766
1218,1731380440,1863,2269,406
1219,1731380031,2269,1476,793
1220,1731339385,1776,2269,493
1221,1731337704,2269,1861,408
1222,1731336610,2269,1859,410
1223,1731336049,2113,2269,156
1224,1731333770,2269,1836,433
1225,1731324701,2269,1976,293
1226,1731308673,2269,210,2059
1227,1731308242,2269,170,2099
1228,1731307702,708,2269,1561
1229,1731307339,2269,50,2219
1230,1731306285,1368,2269,901
1231,1731305881,2269,1356,913
1232,1731305436,2269,1343,926
1233,1731303975,2268,1313,955
1234,1731303052,2268,1834,434
1235,1731302433,2268,0,2268
1236,1731301243,2268,2004,264
1237,1731301058,1093,2268,1175
1238,1731300681,2268,1093,1175
1239,1731250098,2268,1097,1171
1240,1731249615,2268,1372,896
1241,1731247733,717,2268,1551
1242,1731247294,2268,917,1351
1243,1731246654,1553,2268,715
1244,1731246286,1208,2268,1060
1245,1731246246,2268,0,2268
1246,1731245075,1805,2268,463
1247,1731229292,2444,2268,176
1248,1731221124,2259,2268,9
1249,1731212831,2268,2253,15
1250,1731211818,1748,2268,520
1251,1731211109,2268,1693,575
1252,1731210630,2268,884,1384
1253,1731208323,9,2268,2259
1254,1731072599,2268,1996,272
1255,1731071355,2253,2268,15
1256,1731070712,2253,2268,15
1257,1731069951,1452,2268,816
1258,1731044858,2268,2221,47
1259,1731043807,2268,597,1671
1260,1731043671,2268,1700,568
1261,1730896582,2268,121,2147
1262,1730872540,2409,2268,141
1263,1730871799,1581,2268,687
1264,1730871052,2406,2268,138
1265,1730865564,2268,1475,793
1266,1730810060,1979,2268,289
1267,1730799075,1484,2268,784
1268,1730797600,2268,1421,847
1269,1730792791,1163,2268,1105
1270,1730791721,2268,1397,871
1271,1730791130,2268,1212,1056
1272,1730774185,1150,2268,1118
1273,1730706339,2268,1445,823
1274,1730704350,2268,1244,1024
1275,1730703034,2268,1241,1027
1276,1730702277,1525,2268,743
1277,1730701893,2268,1525,743
1278,1730701359,2268,879,1389
1279,1730700828,0,2268,2268
1280,1730699565,2268,1375,893
1281,1730699055,2268,493,1775
1282,1730698227,2423,2268,155
1283,1730697699,0,2268,2268
1284,1730697119,0,2268,2268
1285,1730696061,2268,2560,292
1286,1730695425,2268,0,2268
1287,1730694939,0,2268,2268
1288,1730693506,2268,1956,312
1289,1730692956,2268,2559,291
1290,1730644847,2268,2143,125
1291,1730644069,2268,2143,125
1292,1730602141,2268,2143,125
1293,1730601300,854,2268,1414
1294,1730600504,1951,2268,317
1295,1730521769,2268,325,1943
1296,1730519479,2380,2268,112
1297,1730517742,883,2268,1385
1298,1730516833,2186,2268,82
1299,1730515945,2268,2186,82
1300,1724400763,1654,955,699
1301,1724179303,945,1330,385
1302,1724178933,873,908,35
1303,1724178415,1692,855,837
1304,1724032354,1783,841,942
1305,1724031962,810,1651,841
1306,1724030832,793,1708,915
1307,1724029762,1687,661,1026
1308,1724028579,517,1835,1318
1309,1724025431,1307,370,937
1310,1724024864,1369,207,1162
1311,1724023827,1433,28,1405
1312,1722379834,0,0,0
1313,1726778316,2247,2277,30
1314,1726777599,2026,2247,221
1315,1726776347,2114,2247,133
1316,1726775985,2247,2105,142
1317,1726775723,2247,2095,152
1318,1726775363,2247,2276,29
1319,1726774208,2247,2169,78
1320,1726004186,2247,1810,437
1321,1726003352,2055,2247,192
1322,1726002909,1965,2247,282
1323,1726002081,2140,2247,107
1324,1725999614,2247,2304,57
1325,1725999158,2247,2295,48
1326,1725998397,2296,2247,49
1327,1725997923,2247,2287,40
1328,1725997469,2247,2279,32
1329,1725994080,2247,1066,1181
1330,1725828318,2244,1951,293
1331,1725827690,1965,2239,274
1332,1725572940,2236,1984,252
1333,1725571859,1671,2235,564
1334,1725570808,2231,2005,226
1335,1725547899,2228,2160,68
1336,1725545797,1901,2228,327
1337,1725485600,2228,1784,444
1338,1725462341,2206,2228,22
1339,1725461665,2206,2228,22
1340,1725460687,1829,2228,399
1341,1725415774,2203,2228,25
1342,1725311237,1986,2228,242
1343,1725308735,2228,1989,239
1344,1724684757,1983,2228,245
1345,1724684053,2228,1983,245
1346,1724683674,2305,2228,77
1347,1724682992,2228,2281,53
1348,1724682319,2228,1864,364
1349,1724681652,2282,2228,54
1350,1724627172,2228,1882,346
1351,1724617524,1942,2228,286
1352,1724617110,1942,2228,286
1353,1724615787,2228,2229,1
1354,1724615511,1795,2228,433
1355,1724615150,2228,1795,433
1356,1724608858,2381,2228,153
1357,1724607882,2228,2009,219
1358,1724606039,2228,2051,177
1359,1724601626,2355,2228,127
1360,1724600730,1872,2228,356
1361,1724599629,2354,2228,126
1362,1724598678,2049,2228,179
1363,1724597844,2293,2228,65
1364,1724592997,2293,2223,70
1365,1724591335,2223,1971,252
1366,1724589697,2186,2223,37
1367,1724588846,2223,1969,254
1368,1724587731,2223,1969,254
1369,1724587372,2317,2223,94
1370,1724586307,2323,2223,100
1371,1724585600,2223,2046,177
1372,1724584696,2073,2223,150
1373,1724583982,2223,2073,150
1374,1724583675,2073,2223,150
1375,1724531439,2309,2222,87
1376,1724524089,2251,2222,29
1377,1724520798,2222,2004,218
1378,1724520718,2013,2222,209
1379,1724520391,2147,2222,75
1380,1724519636,2222,2147,75
1381,1724519224,2222,2294,72
1382,1724518877,2004,2222,218
1383,1724518444,2084,2222,138
1384,1724451252,2031,2222,191
1385,1724450337,2083,2222,139
1386,1724449477,2144,2222,78
1387,1724448284,2222,2007,215
1388,1724447473,2227,2222,5
1389,1724422490,2227,2222,5
1390,1724422213,2222,2303,81
1391,1724420989,2222,2155,67
1392,1724419930,2336,2222,114
1393,1724419180,2099,2222,123
1394,1724418532,2336,2221,115
1395,1724403830,2221,2226,5
1396,1724401351,2226,2221,5
1397,1724400993,2221,1613,608
1398,1724399447,2221,2294,73
1399,1724365415,2221,1699,522
1400,1724339548,2155,2220,65
1401,1724273980,2294,2220,74
1402,1724272609,1934,2216,282
1403,1724272180,2090,2211,121
1404,1724258946,2211,2030,181
1405,1724258426,1931,2211,280
1406,1724256929,2210,2035,175
1407,1724256137,2035,2210,175
1408,1724248902,2095,2210,115
1409,1724248357,2095,2210,115
1410,1724248007,2288,2210,78
1411,1724247702,2288,2210,78
1412,1724245873,2095,2210,115
1413,1722687286,1314,0,1314
1414,1724412995,1510,1035,475
1415,1724412033,1510,1298,212
1416,1724376252,1701,1510,191
1417,1723723255,1489,1605,116
1418,1723272054,1600,1489,111
1419,1723271777,1638,1489,149
1420,1723270699,1690,1464,226
1421,1723270352,1699,1438,261
1422,1723270146,1414,1699,285
1423,1723269411,1414,1609,195
1424,1723268223,1607,1414,193
1425,1723268191,1383,1616,233
1426,1723267706,1272,1382,110
1427,1723266742,1382,1696,314
1428,1723266217,1347,1699,352
1429,1723258710,1324,681,643
1430,1723097519,1608,1323,285
1431,1722560329,1296,849,447
1432,1722559276,1425,1293,132
1433,1722559106,786,1264,478
1434,1722558435,1259,1555,296
1435,1722514655,1350,1213,137
1436,1722514215,1212,1371,159
1437,1722513402,1160,1350,190
1438,1722511944,1127,1153,26
1439,1722509204,1091,1575,484
1440,1722508615,1081,1566,485
1441,1722507531,1078,1560,482
1442,1722506543,1000,1560,560
1443,1722506043,1610,985,625
1444,1722505245,814,921,107
1445,1722504833,729,919,190
1446,1722504294,821,1566,745
1447,1722503531,385,755,370
1448,1722501557,397,684,287
1449,1722501134,614,597,17
1450,1722462689,486,1017,531
1451,1722462025,461,1030,569
1452,1722461390,328,1111,783
1453,1722406931,72,229,157
1454,1722406205,195,209,14
1455,1722405453,853,57,796
1456,1722404424,195,28,167
1457,1722403544,0,0,0
1458,1725584745,1370,1648,278
1459,1723442499,1890,1645,245
1460,1723441827,1645,1759,114
1461,1723441082,1758,1645,113
1462,1723430915,1636,1642,6
1463,1723430452,1728,1639,89
1464,1723429194,1639,1796,157
1465,1723424429,1637,1721,84
1466,1723424001,1637,1648,11
1467,1723423682,1637,1636,1
1468,1723422997,1637,1719,82
1469,1723354110,1730,1625,105
1470,1723353703,1614,1695,81
1471,1723352814,1614,1723,109
1472,1723352034,1594,1752,158
1473,1723351359,1594,1752,158
1474,1723350774,700,1581,881
1475,1723349967,1579,1725,146
1476,1723349079,1881,1575,306
1477,1723348671,1548,1659,111
1478,1723347273,1702,1524,178
1479,1723346623,1524,402,1122
1480,1723346069,1494,1688,194
1481,1723345382,1839,1467,372
1482,1723344626,1746,1467,279
1483,1723343595,1433,1839,406
1484,1723337082,1826,1397,429
1485,1722938868,1780,1360,420
1486,1722938592,1357,1727,370
1487,1722937738,1357,1644,287
1488,1722919591,1535,1313,222
1489,1722901270,1805,1266,539
1490,1722822717,1637,1259,378
1491,1722759672,1531,1206,325
1492,1722759092,1201,1319,118
1493,1722645485,1155,991,164
1494,1722644923,1326,1097,229
1495,1722643675,1092,1635,543
1496,1722643235,1086,1615,529
1497,1722642927,1667,1079,588
1498,1722642694,1683,996,687
1499,1722642110,984,1840,856
1500,1722639920,887,1639,752
1501,1722639756,1636,875,761
1502,1722639318,1776,847,929
1503,1722638619,725,1694,969
1504,1722598789,1669,594,1075
1505,1722596739,561,493,68
1506,1722596400,939,463,476
1507,1722596339,336,687,351
1508,1722510689,189,932,743
1509,1722482975,843,28,815
1510,1722430199,0,0,0
1511,1731574260,2239,1437,802
1512,1730248468,2239,0,2239
1513,1730247942,2465,2239,226
1514,1730247336,2235,2239,4
1515,1729635822,2239,0,2239
1516,1729035156,2239,524,1715
1517,1729034292,2239,1977,262
1518,1729033623,2239,1896,343
1519,1728885079,2239,1896,343
1520,1728884554,862,2239,1377
1521,1728883881,2239,2471,232
1522,1728883348,1497,2239,742
1523,1728882869,2467,2239,228
1524,1728882384,1289,2239,950
1525,1728881962,2239,1562,677
1526,1728706940,1965,2239,274
1527,1728706490,2239,0,2239
1528,1728705705,2575,2239,336
1529,1728609998,2239,1957,282
1530,1728607877,2239,1940,299
1531,1728606995,2239,1825,414
1532,1728538806,2096,2239,143
1533,1728538154,2239,1420,819
1534,1728537544,2239,1919,320
1535,1728535484,1970,2239,269
1536,1728534271,1969,2239,270
1537,1728533258,2239,1670,569
1538,1728531949,2239,1875,364
1539,1728530811,2239,1875,364
1540,1728525632,2239,869,1370
1541,1728523560,2235,1919,316
1542,1728523312,1987,2231,244
1543,1728522401,2407,2222,185
1544,1728520132,2222,1987,235
1545,1728519407,1617,2222,605
1546,1728339694,2222,1686,536
1547,1728199216,2407,2222,185
1548,1728198697,2220,2222,2
1549,1728198002,2222,2220,2
1550,1728195568,2222,2407,185
1551,1728193748,2222,2152,70
1552,1728184528,2222,1911,311
1553,1728018101,2143,2222,79
1554,1728017732,2222,2474,252
1555,1728016819,2222,2474,252
1556,1728016122,2222,1861,361
1557,1728015065,2222,2315,93
1558,1728014490,2222,1845,377
1559,1728013727,2222,1248,974
1560,1728007887,1948,2222,274
1561,1728005584,1999,2222,223
1562,1728004757,1999,2222,223
1563,1728003480,2222,2066,156
1564,1728002607,2222,1808,414
1565,1728000816,1999,2222,223
1566,1728000219,2222,1999,223
1567,1727999666,1999,2222,223
1568,1727921791,2222,1875,347
1569,1727919297,1999,2222,223
1570,1727918201,1999,2222,223
1571,1727856799,1939,2222,283
1572,1727856376,1937,2222,285
1573,1727855805,2222,1759,463
1574,1727852966,1897,2222,325
1575,1727851711,2222,2191,31
1576,1727850014,1824,2222,398
1577,1727849464,2222,1329,893
1578,1727849212,333,2222,1889
1579,1727848680,2222,1749,473
1580,1727847406,2222,1875,347
1581,1727846842,2068,2222,154
1582,1727846106,2222,1921,301
1583,1727845050,2222,1819,403
1584,1727844033,2017,2222,205
1585,1727843098,2222,1973,249
1586,1727833647,2222,1902,320
1587,1727832946,1964,2222,258
1588,1727832185,2222,1953,269
1589,1727831139,2222,1805,417
1590,1727829601,1999,2222,223
1591,1727828947,2270,2222,48
1592,1727828285,2222,2270,48
1593,1727827453,2222,2269,47
1594,1727826874,1964,2222,258
1595,1727825849,2169,2222,53
1596,1727825313,2222,2161,61
1597,1727824687,2222,1904,318
1598,1727766745,1948,2222,274
1599,1727766365,1880,2222,342
1600,1727765834,1896,2222,326
1601,1727765105,2222,1896,326
1602,1727764639,2222,1872,350
1603,1727763970,2134,2222,88
1604,1727763535,2029,2222,193
1605,1727762939,2222,2430,208
1606,1727762157,2429,2222,207
1607,1727760732,2311,2222,89
1608,1727760243,2222,2311,89
1609,1727759444,2222,2028,194
1610,1727751770,2222,1951,271
1611,1730328922,2296,2235,61
1612,1727823076,1935,2235,300
1613,1727821700,2339,2234,105
1614,1727820158,1926,2234,308
1615,1727789799,2030,2234,204
1616,1727730942,2226,2233,7
1617,1727730078,2226,2233,7
1618,1727729617,2232,1777,455
1619,1727649790,2383,2232,151
1620,1727648778,2383,2231,152
1621,1727648394,2377,2231,146
1622,1727647436,2306,2231,75
1623,1727639638,2225,2231,6
1624,1727638777,2225,2230,5
1625,1727474707,2229,2112,117
1626,1727391670,2296,2229,67
1627,1727390612,2296,2229,67
1628,1727389562,2229,2296,67
1629,1727388540,2229,1882,347
1630,1727387063,2296,2228,68
1631,1727307002,2296,2228,68
1632,1727305218,2296,2228,68
1633,1727304064,2228,2296,68
1634,1727303946,2227,1959,268
1635,1727302053,2227,1222,1005
1636,1727300524,2296,2226,70
1637,1727298951,2296,2225,71
1638,1727222410,2225,1897,328
1639,1727221458,1897,2224,327
1640,1727220712,2223,1897,326
1641,1727219995,2222,1945,277
1642,1727216935,2222,2038,184
1643,1727215965,2222,2296,74
1644,1727214337,2373,2222,151
1645,1727207499,1970,2221,251
1646,1727203438,2220,1890,330
1647,1727202598,2219,2106,113
1648,1727193964,2218,2110,108
1649,1727193295,2218,2373,155
1650,1727191626,2131,2218,87
1651,1727190799,2218,1941,277
1652,1726982369,2267,2218,49
1653,1726952623,2213,1984,229
1654,1726951322,2296,2201,95
1655,1726950659,1756,2196,440
1656,1726949549,2190,1982,208
1657,1726949214,2184,1982,202
1658,1726948801,2178,2074,104
1659,1726947696,2171,1982,189
1660,1726947439,1982,2167,185
1661,1726947104,1872,2166,294
1662,1726946155,1914,2165,251
1663,1726945374,2170,2165,5
1664,1726927220,2071,2158,87
1665,1726926682,2151,2071,80
1666,1726863726,1754,2146,392
1667,1726862358,2459,2132,327
1668,1726861347,2459,2131,328
1669,1726860486,2130,1946,184
1670,1726859968,2130,2458,328
1671,1726859041,1695,2129,434
1672,1726851452,2108,2128,20
1673,1726849794,2127,2003,124
1674,1726848480,2282,2126,156
1675,1726848254,2126,2010,116
1676,1726790765,2310,2125,185
1677,1726789897,2124,1852,272
1678,1725567213,2123,2144,21
1679,1724884765,2122,2024,98
1680,1723846618,2115,2120,5
1681,1723592703,2120,2021,99
1682,1723565526,2155,2120,35
1683,1723564550,2120,2154,34
1684,1723563759,2368,2120,248
1685,1723562767,2363,2120,243
1686,1723561799,2119,1943,176
1687,1723498475,2204,2119,85
1688,1723498155,2195,2119,76
1689,1723496973,2044,2118,74
1690,1723427366,2118,2269,151
1691,1723426778,2133,2118,15
1692,1723426100,2117,2133,16
1693,1723424881,1954,2116,162
1694,1723424262,1954,2114,160
1695,1723423465,2114,1953,161
1696,1723423057,2113,1953,160
1697,1723422562,1953,2112,159
1698,1723421696,2111,1962,149
1699,1723421067,1962,2109,147
1700,1723420674,2020,2109,89
1701,1723420140,2125,2109,16
1702,1723419738,1995,2108,113
1703,1723418915,2107,1961,146
1704,1723418161,2105,1954,151
1705,1723414857,2140,2105,35
1706,1723414060,2105,2139,34
1707,1723412967,2104,2129,25
1708,1723412227,2172,2104,68
1709,1723411900,2015,2097,82
1710,1723410997,2015,2089,74
1711,1723895823,544,1652,1108
1712,1723590753,515,1285,770
1713,1723590155,1854,359,1495
1714,1723587925,801,218,583
1715,1723122798,41,1359,1318
1716,1722992029,228,0,228
1717,1731449207,1914,1411,503
1718,1731448743,1408,1079,329
1719,1728133725,1816,1408,408
1720,1728132711,1746,1408,338
1721,1727640740,1804,1362,442
1722,1724009220,1351,1847,496
1723,1724008378,1435,1301,134
1724,1724005607,1903,1293,610
1725,1724004699,1277,1994,717
1726,1724000249,1210,1766,556
1727,1723995551,1138,1823,685
1728,1723995050,1060,1823,763
1729,1723994015,1683,977,706
1730,1723895368,963,1938,975
1731,1723895032,875,1293,418
1732,1723894514,1489,773,716
1733,1722471064,1301,670,631
1734,1722469904,1554,645,909
1735,1722446406,1299,621,678
1736,1722445922,1185,596,589
1737,1722445021,1702,447,1255
1738,1722426331,912,308,604
1739,1722426098,1006,152,854
1740,1722425749,28,28,0
1741,1722390272,0,0,0
1742,1727746993,2222,2074,148
1743,1727311658,2232,2222,10
1744,1726367939,2222,1891,331
1745,1725917705,1871,2222,351
1746,1725873179,2222,1920,302
1747,1725872473,2222,1905,317
1748,1725798055,2214,2106,108
1749,1725793518,2139,2205,66
1750,1725788783,2200,2019,181
1751,1725625458,2458,2195,263
1752,1725624740,2195,2223,28
1753,1725620010,2191,1696,495
1754,1725616069,2186,1958,228
1755,1725614843,2183,1951,232
1756,1725613889,1917,2179,262
1757,1725612925,2176,1951,225
1758,1725612291,2173,1879,294
1759,1725608836,2167,1950,217
1760,1725607793,2164,2211,47
1761,1725607260,2164,2251,87
1762,1725606565,2161,1846,315
1763,1725599491,2160,1954,206
1764,1725598968,1731,2160,429
1765,1725597435,1804,2160,356
1766,1725597104,2160,1795,365
1767,1725596300,2160,1885,275
1768,1725595501,2160,1795,365
1769,1725594004,2156,2160,4
1770,1725590054,1946,2160,214
1771,1725589419,2160,1946,214
1772,1725588786,2153,2160,7
1773,1725588639,2160,1946,214
1774,1725587849,2160,1308,852
1775,1725556039,2160,2115,45
1776,1725547899,2228,2160,68
1777,1725546931,1901,2160,259
1778,1725546442,2160,2067,93
1779,1725545868,2156,1919,237
1780,1725545169,2152,1919,233
1781,1725542618,1919,2152,233
1782,1725540889,2152,1918,234
1783,1725540166,2082,2152,70
1784,1725539938,1873,2148,275
1785,1725537419,2147,1830,317
1786,1725532371,2147,1918,229
1787,1725531203,1917,2147,230
1788,1725530624,1917,2147,230
1789,1725529890,2147,1917,230
1790,1725529453,2147,1597,550
1791,1725528315,2147,1878,269
1792,1725527932,2147,1986,161
1793,1725526844,2147,1658,489
1794,1725525224,2147,1829,318
1795,1725524864,2147,1822,325
1796,1725523816,2147,1822,325
1797,1725523605,2147,1640,507
1798,1725522737,2147,1640,507
1799,1725522658,2147,1950,197
1800,1725520096,2147,2243,96
1801,1725519562,1499,2147,648
1802,1725518587,2147,1872,275
1803,1725517803,2147,1820,327
1804,1725504338,901,2147,1246
1805,1725502417,1413,2147,734
1806,1725470250,1849,2147,298
1807,1725469667,2114,2147,33
1808,1725465531,2004,2147,143
1809,1725461202,2147,2004,143
1810,1725460792,1857,2147,290
1811,1725460746,2114,2147,33
1812,1725460017,2105,2147,42
1813,1725459916,2147,2096,51
1814,1725459166,2147,2086,61
1815,1725458251,2147,1750,397
1816,1725457590,2147,1800,347
1817,1725457150,1787,2147,360
1818,1725456763,1270,2147,877
1819,1725453985,2147,2004,143
1820,1725453033,2147,2122,25
1821,1725452980,2147,2081,66
1822,1725452134,1852,2147,295
1823,1725451560,2203,2147,56
1824,1725450591,2147,1888,259
1825,1725450290,2056,2147,91
1826,1725433669,2129,2147,18
1827,1725428514,2147,1897,250
1828,1725378290,2147,2168,21
1829,1725377651,2309,2147,162
1830,1725377222,2147,2191,44
1831,1725372701,2168,2147,21
1832,1725372298,2147,2168,21
1833,1725371846,2147,1913,234
1834,1725371129,2147,1913,234
1835,1725370337,1913,2147,234
1836,1725369943,2147,1987,160
1837,1725368300,2147,2122,25
1838,1725366864,2147,2003,144
1839,1725364973,2003,2147,144
1840,1725364281,1830,2147,317
1841,1725363770,1830,2147,317
1842,1724377774,717,1418,701
1843,1724362003,1564,598,966
1844,1724361360,566,1949,1383
1845,1724147855,1716,537,1179
1846,1724105745,385,1595,1210
1847,1724105237,885,242,643
1848,1724065776,67,1515,1448
1849,1723766074,0,761,761
1850,1727676659,1657,2171,514
1851,1725786513,1983,1654,329
1852,1725786068,1625,1654,29
1853,1725785465,1654,1891,237
1854,1725785349,1654,1888,234
1855,1725707869,1649,1853,204
1856,1725701754,1838,1649,189
1857,1725516658,1769,1635,134
1858,1725515619,1329,1634,305
1859,1725514793,1970,1631,339
1860,1725509447,1871,1608,263
1861,1725434655,1710,1585,125
1862,1725424452,1560,1869,309
1863,1725418089,1544,2004,460
1864,1725348672,1522,1852,330
1865,1725333460,1522,1692,170
1866,1725329903,1725,1522,203
1867,1725329075,1722,1522,200
1868,1725279927,1492,1815,323
1869,1725279204,1812,1491,321
1870,1725278802,1912,1491,421
1871,1725277842,1491,1857,366
1872,1725257872,1491,1840,349
1873,1725257494,1840,1452,388
1874,1725256703,1711,1412,299
1875,1725256210,1870,1367,503
1876,1725250945,1320,1824,504
1877,1724866741,1310,1861,551
1878,1724857978,1309,1763,454
1879,1724857034,1660,1309,351
1880,1724850184,1248,1984,736
1881,1724810899,1183,1770,587
1882,1724810117,1113,1587,474
1883,1724809527,1587,1038,549
1884,1724722584,1652,1032,620
1885,1724722023,946,1821,875
1886,1724582259,853,1721,868
1887,1724529046,1823,836,987
1888,1724378374,728,1507,779
1889,1724160062,942,631,311
1890,1723134238,507,1506,999
1891,1723053915,942,387,555
1892,1723051181,269,705,436
1893,1723050716,245,248,3
1894,1723050139,1023,96,927
1895,1722884611,753,0,753
1896,1722860834,0,1306,1306
1897,1731045802,2222,1705,517
1898,1731045739,2221,797,1424
1899,1731045544,2221,0,2221
1900,1731044858,2268,2221,47
1901,1731043249,1957,2221,264
1902,1730985555,2221,1825,396
1903,1730984807,2221,2045,176
1904,1730984432,1151,2221,1070
1905,1730984054,0,2220,2220
1906,1730983565,0,2220,2220
1907,1730951887,1846,2220,374
1908,1730951525,1550,2220,670
1909,1730877304,2219,2092,127
1910,1730876885,2100,2219,119
1911,1730875955,2219,1275,944
1912,1730870374,1655,2219,564
1913,1730869475,1487,2218,731
1914,1730869260,1615,2218,603
1915,1730868832,2218,1498,720
1916,1730868245,2218,1947,271
1917,1730867750,1395,2217,822
1918,1730867443,2217,0,2217
1919,1730867028,2205,2217,12
1920,1730866753,1532,2217,685
1921,1730866591,2217,1884,333
1922,1730851819,1091,2216,1125
1923,1730851778,1091,2216,1125
1924,1730851730,2216,1091,1125
1925,1730850931,750,2215,1465
1926,1730849994,1750,2215,465
1927,1730848582,2215,1750,465
1928,1730847389,2214,1750,464
1929,1730846934,1750,2214,464
1930,1730846367,1750,2214,464
1931,1730845814,1576,2213,637
1932,1730845368,2213,1502,711
1933,1730844550,2213,1888,325
1934,1730843995,1720,2212,492
1935,1730843551,1817,2212,395
1936,1730842966,1888,2212,324
1937,1730842926,2211,1844,367
1938,1730841587,2055,2211,156
1939,1730839931,2515,2211,304
1940,1730785425,2205,2211,6
1941,1730784938,2211,1069,1142
1942,1730784360,1760,2210,450
1943,1730783016,2210,2180,30
1944,1730782308,2210,1740,470
1945,1730781575,1927,2209,282
1946,1730781166,1927,2209,282
1947,1730774725,2209,1519,690
1948,1730773690,1389,2208,819
1949,1730771581,2208,1998,210
1950,1730770886,2207,585,1622
1951,1730770275,2207,2249,42
1952,1730411395,2207,1319,888
1953,1730410637,2207,1812,395
1954,1730408912,2206,1228,978
1955,1730408096,2206,2537,331
1956,1730406682,2206,2459,253
1957,1730405749,2206,328,1878
1958,1730404207,2206,2036,170
1959,1730403168,2205,1843,362
1960,1730268403,2205,292,1913
1961,1730268080,2204,282,1922
1962,1730267589,862,2204,1342
1963,1730237049,2203,1862,341
1964,1730235231,2110,2203,93
1965,1730234411,2022,2202,180
1966,1730233317,1693,2202,509
1967,1729395057,2201,2132,69
1968,1729394177,956,2201,1245
1969,1729393563,2200,921,1279
1970,1729155294,1913,2200,287
1971,1729154438,2199,1813,386
1972,1729153925,1428,2199,771
1973,1729153541,2198,1207,991
1974,1729152173,1795,2198,403
1975,1729151697,1812,2197,385
1976,1728991270,1014,2196,1182
1977,1728991038,2196,1829,367
1978,1728990965,1829,2195,366
1979,1728990612,2195,1829,366
1980,1728989108,2194,1911,283
1981,1728988764,2490,2194,296
1982,1728988094,2345,2194,151
1983,1728987798,2340,2194,146
1984,1728987404,2193,1582,611
1985,1728986071,2118,2193,75
1986,1728985461,2193,2327,134
1987,1728983698,2193,1991,202
1988,1728982856,2489,2192,297
1989,1728982286,1488,2191,703
1990,1728981600,1892,2191,299
1991,1728980798,0,2190,2190
1992,1728980165,2190,2486,296
1993,1728979855,2189,1543,646
1994,1728979351,1543,2189,646
1995,1728979196,2189,1866,323
1996,1728978565,1551,2188,637
1997,1730157345,2409,2205,204
1998,1730140774,2195,2257,62
1999,1730085614,2074,2189,115
2000,1730084838,2188,2074,114
2001,1730084115,1218,2186,968
2002,1730080666,2185,1740,445
2003,1730079814,2183,1941,242
2004,1730079313,2182,1007,1175
2005,1730078714,1951,2180,229
2006,1730077672,2204,2180,24
2007,1730076913,1786,2178,392
2008,1730076175,2173,1950,223
2009,1730075725,2167,2110,57
2010,1730075523,2110,2161,51
2011,1730075442,2154,2110,44
2012,1730075238,2110,2148,38
2013,1730074634,2141,2110,31
2014,1730074517,2134,2110,24
2015,1730074221,2130,2110,20
2016,1730073872,2598,2130,468
2017,1730073429,2110,2122,12
2018,1730072656,2110,2114,4
2019,1730072183,2143,2106,37
2020,1730071858,2098,2061,37
2021,1730071291,2090,2061,29
2022,1730070621,2110,2081,29
2023,1730068299,2079,1727,352
2024,1730067766,2593,2079,514
2025,1729949362,2076,1978,98
2026,1729948875,2074,0,2074
2027,1729948505,2072,1879,193
2028,1729947764,1677,2072,395
2029,1729459771,2058,2256,198
2030,1729459087,2052,2030,22
2031,1729151906,1667,2048,381
2032,1729051757,2100,2046,54
2033,1729051003,2044,2020,24
2034,1729050341,2119,2044,75
2035,1729049796,2042,0,2042
2036,1729049602,2040,1315,725
2037,1729040544,1206,2038,832
2038,1729033459,2036,984,1052
2039,1729031524,2033,1843,190
2040,1729031052,2031,1840,191
2041,1729030194,2031,668,1363
2042,1729029741,2029,553,1476
2043,1729028814,497,2027,1530
2044,1729028085,1894,2027,133
2045,1729024556,2197,2012,185
2046,1728970355,2032,2010,22
2047,1728968461,821,2007,1186
2048,1728966225,2008,2007,1
2049,1728964854,2006,1996,10
2050,1728963855,1377,1993,616
2051,1728962154,1997,1981,16
2052,1728951026,1974,1838,136
2053,1728950140,1838,1971,133
2054,1728949840,2317,1971,346
2055,1728947989,1964,1833,131
2056,1728946176,1957,1974,17
2057,1728945323,1950,1911,39
2058,1728943764,1941,2083,142
2059,1728941119,1935,1823,112
2060,1728939375,1928,1683,245
2061,1728815067,1919,2066,147
2062,1728814484,1985,1910,75
2063,1728814098,2066,1899,167
2064,1728813530,1891,1975,84
2065,1728812602,1873,1994,121
2066,1728811786,2066,1851,215
2067,1728811041,1847,2132,285
2068,1728809683,2243,1825,418
2069,1728806803,1994,1802,192
2070,1728806020,1802,1954,152
2071,1728805534,1907,1780,127
2072,1728805011,1772,0,1772
2073,1728804207,1753,1775,22
2074,1728803374,1750,1775,25
2075,1728802303,1829,1750,79
2076,1728801844,1725,1829,104
2077,1728800849,1725,1926,201
2078,1728799860,1695,2242,547
2079,1728799200,1849,1665,184
2080,1728798750,1632,1827,195
2081,1728798044,1966,1593,373
2082,1728797231,1809,1563,246
2083,1728777953,2040,1528,512
2084,1728626495,1514,0,1514
2085,1728623151,1481,1478,3
2086,1728612100,1888,1433,455
2087,1728610554,870,1402,532
2088,1728606130,1359,1657,298
2089,1728601297,1354,1752,398
2090,1728600728,1613,1354,259
2091,1728598135,1314,1533,219
2092,1728597634,1746,1257,489
2093,1728597016,1811,1190,621
2094,1728596224,1183,2245,1062
2095,1728596074,1183,0,1183
2096,1728589692,1833,1106,727
2097,1730083498,2155,0,2155
2098,1730083032,2155,0,2155
2099,1730082725,1339,2154,815
2100,1730082580,2154,1314,840
2101,1730082128,1307,2154,847
2102,1730081976,2154,1314,840
2103,1730081648,1461,2154,693
2104,1729731080,1434,2154,720
2105,1729730538,2153,1636,517
2106,1728951547,2104,2153,49
2107,1728613424,1888,2153,265
2108,1725329358,2125,2153,28
2109,1725164010,2153,1876,277
2110,1725163335,2153,1881,272
2111,1725162635,1881,2152,271
2112,1725162337,2152,1881,271
2113,1725161889,1876,2152,276
2114,1725057422,2168,2152,16
2115,1725056694,2309,2152,157
2116,1724986062,1923,2152,229
2117,1724985392,2151,1923,228
2118,1724982537,1904,2151,247
2119,1724982203,1904,2151,247
2120,1724981821,1900,2151,251
2121,1724981169,2151,1922,229
2122,1724980326,2151,1922,229
2123,1724979634,2151,2146,5
2124,1724978755,1749,2151,402
2125,1724967438,1904,2150,246
2126,1724906114,2150,1863,287
2127,1724905703,1857,2150,293
2128,1724903843,2150,1889,261
2129,1724880860,1900,2150,250
2130,1724879962,2150,1900,250
2131,1724874961,2051,2149,98
2132,1724874154,2087,2149,62
2133,1724873019,2149,1911,238
2134,1724824263,1886,2149,263
2135,1724823499,2149,1968,181
2136,1724823160,1866,2148,282
2137,1724822403,1961,2148,187
2138,1724821403,1884,2148,264
2139,1724820410,1841,2148,307
2140,1724819244,1920,2148,228
2141,1724818234,1883,2148,265
2142,1724655228,2148,2244,96
2143,1724654350,2240,2148,92
2144,1724652738,2116,2148,32
2145,1724630998,2147,2103,44
2146,1724628007,2103,2147,44
2147,1724626080,1915,2147,232
2148,1724624835,2147,1724,423
2149,1724623504,1719,2147,428
2150,1724554576,2147,1931,216
2151,1724554065,2147,2309,162
2152,1724520710,2098,2147,49
2153,1724520391,2147,2222,75
2154,1724519636,2222,2147,75
2155,1724519251,1975,2147,172
2156,1724470709,2147,1945,202
2157,1724470085,2147,2282,135
2158,1724469056,2249,2147,102
2159,1724468260,2147,2309,162
2160,1724466985,2146,2249,103
2161,1724466015,2146,2270,124
2162,1724465532,1966,2146,180
2163,1724465065,2146,2094,52
2164,1724462748,2309,2146,163
2165,1724462160,2309,2145,164
2166,1724461907,2145,2020,125
2167,1724460499,2145,1798,347
2168,1724459858,1917,2145,228
2169,1724459806,1917,2145,228
2170,1724459096,2145,2228,83
2171,1724458039,2228,2145,83
2172,1724450423,2144,1935,209
2173,1724449477,2144,2222,78
2174,1724383794,2144,1947,197
2175,1724383260,1941,2143,202
2176,1724382864,1967,2143,176
2177,1724381790,1967,2143,176
2178,1724381683,2143,1780,363
2179,1724381594,2294,2143,151
2180,1724381501,2143,2294,151
2181,1724381116,1941,2143,202
2182,1724380626,2123,2143,20
2183,1724380438,2143,1751,392
2184,1724379616,2029,2142,113
2185,1724379468,2142,1730,412
2186,1724343016,1885,2142,257
2187,1724300167,1941,2142,201
2188,1724298921,2159,2142,17
2189,1724297663,2142,1893,249
2190,1724295551,2142,1888,254
2191,1724292984,2142,1894,248
2192,1724291946,2068,2141,73
2193,1724291065,2141,2070,71
2194,1724290213,2052,2141,89
2195,1724288955,1869,2141,272
2196,1724288532,1977,2141,164
2197,1730081300,1461,1326,135
2198,1729952481,1262,1652,390
2199,1729951699,1933,1190,743
2200,1729951010,1978,1115,863
2201,1729950561,1037,1663,626
2202,1729949961,1639,955,684
2203,1728979162,1102,879,223
2204,1728957098,2104,808,1296
2205,1728956056,1994,768,1226
2206,1728954127,1627,658,969
2207,1728937999,1724,540,1184
2208,1728808686,493,1907,1414
2209,1728807787,447,1907,1460
2210,1728807238,296,1602,1306
2211,1728801325,139,1756,1617
2212,1725827875,86,1758,1672
2213,1723244800,1461,0,1461
2214,1727821852,2358,2187,171
2215,1727821242,2397,2187,210
2216,1727820475,2397,2175,222
2217,1727812092,2174,1952,222
2218,1727811295,2396,2174,222
2219,1727810370,2169,1934,235
2220,1727808818,1986,2165,179
2221,1727808502,2094,2159,65
2222,1727806459,1956,2154,198
2223,1727806128,1712,2151,439
2224,1727804963,2208,2138,70
2225,1727766300,1786,2136,350
2226,1727765553,1786,2135,349
2227,1727764730,2032,2134,102
2228,1727763970,2134,2222,88
2229,1727763252,2130,1875,255
2230,1727760995,2125,1877,248
2231,1727562232,2120,1980,140
2232,1727561575,1936,2118,182
2233,1727560129,2068,2117,49
2234,1727547448,2077,2115,38
2235,1727546068,2114,2138,24
2236,1727485768,2113,1918,195
2237,1727484278,2296,2113,183
2238,1727482950,2042,2112,70
2239,1727474707,2229,2112,117
2240,1727473674,2170,2112,58
2241,1727473252,2079,2111,32
2242,1727471529,2111,2311,200
2243,1727470629,2201,2111,90
2244,1727470244,2105,1982,123
2245,1727468657,2097,1967,130
2246,1727435179,1964,2090,126
2247,1727424362,2269,2077,192
2248,1727423239,2159,2075,84
2249,1727422519,2075,2268,193
2250,1727421377,2071,1972,99
2251,1727417803,2101,2066,35
2252,1727416908,1848,2065,217
2253,1727415423,2063,1915,148
2254,1727414695,2062,1972,90
2255,1727413951,1884,2061,177
2256,1727413380,1884,2059,175
2257,1727412794,2058,1847,211
2258,1727411643,2058,2077,19
2259,1727410639,2058,1931,127
2260,1727407504,1920,2053,133
2261,1727406257,1908,2052,144
2262,1727403497,2052,2078,26
2263,1727402539,1886,2050,164
2264,1727401751,2048,1886,162
2265,1727345000,2046,1936,110
2266,1727342512,1933,2045,112
2267,1727342114,1785,2043,258
2268,1727341363,2398,2043,355
2269,1727339922,2043,2090,47
2270,1727339022,2042,1929,113
2271,1727338007,1881,2040,159
2272,1727216935,2222,2038,184
2273,1727216130,2132,2037,95
2274,1727212219,2035,2106,71
2275,1727211503,2373,2035,338
2276,1727211067,2373,2035,338
2277,1727168385,2358,2035,323
2278,1727168036,1954,2033,79
2279,1727142840,2031,1872,159
2280,1727141703,2031,2106,75
2281,1727140093,2030,1885,145
2282,1727085678,2028,1945,83
2283,1727083820,2026,2170,144
2284,1727082048,2075,2024,51
2285,1727059692,2024,2208,184
2286,1727057218,2024,2036,12
2287,1727055779,2024,2207,183
2288,1727054475,2022,2159,137
2289,1727053301,2022,2204,182
2290,1727052650,1834,2022,188
2291,1727046098,2296,2022,274
2292,1727044782,1704,2020,316
2293,1727043889,2075,2020,55
2294,1727043060,1699,2018,319
2295,1727041827,2198,2018,180
2296,1727040004,1893,2016,123
2297,1726963675,2016,2296,280
2298,1726962513,2014,1828,186
2299,1726958932,2311,2014,297
2300,1726958276,2014,2321,307
2301,1726957491,2007,2045,38
2302,1726956984,2001,2045,44
2303,1726955454,1999,2296,297
2304,1726954607,2311,1999,312
2305,1726914273,2358,1997,361
2306,1726913187,2358,1997,361
2307,1726912860,2358,1997,361
2308,1726911586,1798,1994,196
2309,1726911315,1974,1994,20
2310,1726910105,1992,1958,34
2311,1726906727,1990,2155,165
2312,1726887579,1988,2309,321
2313,1726886259,2167,1988,179
2314,1730439034,1624,1572,52
2315,1730269259,2170,1624,546
2316,1730268851,1622,1407,215
2317,1730267940,2166,1622,544
2318,1730267466,1620,901,719
2319,1730266780,1326,1618,292
2320,1730265199,1616,1461,155
2321,1730184663,1614,1262,352
2322,1730183893,1254,1612,358
2323,1730099507,1609,1732,123
2324,1730098666,1609,1731,122
2325,1730098034,1751,1609,142
2326,1730097974,1607,1097,510
2327,1730097436,1605,1094,511
2328,1730097042,1602,1517,85
2329,1729753545,1600,969,631
2330,1729753451,1597,969,628
2331,1729478130,1662,1595,67
2332,1729476947,1592,1596,4
2333,1729230860,1786,1590,196
2334,1729229497,2023,1587,436
2335,1729148014,1304,1585,281
2336,1729147181,1920,1585,335
2337,1729146770,1582,807,775
2338,1729146470,901,1579,678
2339,1728844857,1435,1577,142
2340,1728843222,1577,1745,168
2341,1728815102,1707,1574,133
2342,1728814152,1707,1571,136
2343,1728776518,1807,1571,236
2344,1728775182,1571,1402,169
2345,1728774200,1807,1571,236
2346,1728773269,1571,1752,181
2347,1728772414,1571,1621,50
2348,1728718286,1616,1571,45
2349,1728717446,1613,1571,42
2350,1728716894,1565,0,1565
2351,1726449080,1564,1868,304
2352,1726448173,1842,1542,300
2353,1726448134,1522,1558,36
2354,1726447673,1522,1546,24
2355,1726447101,1517,2005,488
2356,1726446258,2005,1512,493
2357,1726444309,1979,1505,474
2358,1726443525,1979,1497,482
2359,1726443257,1468,1837,369
2360,1726441610,1544,1438,106
2361,1726441238,1758,1405,353
2362,1726440944,1758,1371,387
2363,1726439378,1334,1544,210
2364,1726439048,1296,1544,248
2365,1726438067,1837,1293,544
2366,1726436194,1284,1777,493
2367,1726435066,1655,1239,416
2368,1726434383,1746,1235,511
2369,1726433864,1638,1183,455
2370,1726433461,1126,1638,512
2371,1726432861,1494,1066,428
2372,1726432121,1556,1065,491
2373,1726430167,997,1417,420
2374,1726428496,924,1586,662
2375,1726427107,1742,905,837
2376,1726426116,1685,817,868
2377,1726424677,1662,797,865
2378,1726423120,1446,695,751
2379,1726304732,1015,601,414
2380,1726303748,571,1653,1082
2381,1726303720,442,1635,1193
2382,1724654929,1723,401,1322
2383,1724654045,1462,251,1211
2384,1724653036,1084,232,852
2385,1724395009,1530,56,1474
2386,1722586300,481,0,481
2387,1731181968,1267,1732,465
2388,1728178721,2070,1203,867
2389,1728178177,2136,1175,961
2390,1728104596,1149,2367,1218
2391,1727599352,1131,1850,719
2392,1727548653,1831,1041,790
2393,1727513862,947,1693,746
2394,1727421770,1759,841,918
2395,1727421184,729,1598,869
2396,1727420553,1756,604,1152
2397,1727420302,0,528,528
2398,1727330846,449,0,449
2399,1724453710,1714,417,1297
2400,1724435280,258,1424,1166
2401,1724395793,1618,86,1532
2402,1724381246,1386,0,1386
2403,1731568213,1560,2173,613
2404,1731567366,1923,2173,250
2405,1731566693,1378,2173,795
2406,1731565962,1376,2173,797
2407,1731565103,1665,2173,508
2408,1731564285,2143,2173,30
2409,1731563704,148,2173,2025
2410,1731180163,1987,2173,186
2411,1731179055,1987,2173,186
2412,1731122180,2173,1645,528
2413,1731121384,2173,1617,556
2414,1731120224,2173,1108,1065
2415,1731119446,2173,1817,356
2416,1731119073,2173,757,1416
2417,1731118394,705,2173,1468
2418,1731118037,2173,1440,733
2419,1731117102,1783,2173,390
2420,1731115909,2173,2113,60
2421,1731115289,2173,1510,663
2422,1730664040,2173,2143,30
2423,1730663066,2173,2510,337
2424,1730661534,1972,2173,201
2425,1730660703,2173,2143,30
2426,1730659837,2173,2143,30
2427,1730657607,2173,1956,217
2428,1730656926,1956,2173,217
2429,1730623888,2173,1922,251
2430,1730622968,1909,2173,264
2431,1730622280,2173,1543,630
2432,1730621593,1543,2172,629
2433,1730621186,2172,1148,1024
2434,1730620339,1642,2172,530
2435,1730619930,1129,2172,1043
2436,1730619482,1523,2172,649
2437,1730572604,2172,1385,787
2438,1730571231,2172,1983,189
2439,1730444263,2074,2172,98
2440,1730443523,2172,1167,1005
2441,1730442178,2172,2425,253
2442,1730441653,1091,2172,1081
2443,1730440319,2172,2425,253
2444,1729489090,2276,2172,104
2445,1729488484,2276,2172,104
2446,1729487848,89,2172,2083
2447,1729487163,2172,1507,665
2448,1729485905,2137,2172,35
2449,1729484825,2318,2172,146
2450,1729484035,1803,2172,369
2451,1729483930,2172,2023,149
2452,1729482705,2318,2172,146
2453,1729482059,2172,1908,264
2454,1729480741,2154,2172,18
2455,1729479378,2172,2137,35
2456,1729478484,2304,2172,132
2457,1729476605,1596,2172,576
2458,1729475712,2172,1596,576
2459,1729466000,2172,1850,322
2460,1729463933,2198,2172,26
2461,1729462813,2009,2172,163
2462,1729461485,2198,2172,26
2463,1729448575,2081,2172,91
2464,1729447914,2172,1939,233
2465,1729445612,1975,2172,197
2466,1729444546,1975,2172,197
2467,1729444100,2172,1975,197
2468,1729363396,2172,1960,212
2469,1729232081,2172,1815,357
2470,1728891518,2172,2104,68
2471,1728891121,2172,832,1340
2472,1728859943,2172,1835,337
2473,1728858798,2182,2172,10
2474,1728857962,1508,2172,664
2475,1728850957,2172,2282,110
2476,1728849836,2172,2502,330
2477,1728848332,2172,2264,92
2478,1728846191,2262,2172,90
2479,1728771679,2172,1845,327
2480,1728770732,2025,2172,147
2481,1728770478,2172,2498,326
2482,1728769992,2104,2172,68
2483,1728707489,2172,1830,342
2484,1728706290,2172,2257,85
2485,1728704143,2407,2172,235
2486,1728703950,2172,1824,348
2487,1728632736,2172,1862,310
2488,1728631101,2172,1924,248
2489,1728630416,1408,2172,764
2490,1728629652,2172,1634,538
2491,1728629095,2172,1860,312
2492,1728628088,1926,2172,246
2493,1728240500,1986,2172,186
2494,1728239739,2330,2172,158
2495,1728238406,2172,1907,265
2496,1728237466,1762,2172,410
2497,1728155715,1985,2172,187
2498,1728155324,1985,2172,187
2499,1728152701,1984,2172,188
2500,1728151527,1954,2172,218
2501,1728151033,2172,1814,358
2502,1728150383,2172,1814,358
2503,1722362689,0,0,0
2504,1731590343,2171,1617,554
2505,1731589454,2170,1800,370
2506,1730668314,2169,1720,449
2507,1730667310,2169,1697,472
2508,1730667019,2510,2169,341
2509,1730666952,2169,1986,183
2510,1730498355,2184,2169,15
2511,1730497718,2168,1163,1005
2512,1730496624,2583,2168,415
2513,1729784893,1989,2167,178
2514,1729784621,2167,1957,210
2515,1729632225,1975,2167,192
2516,1729024141,2166,1829,337
2517,1729022443,2165,2104,61
2518,1729021353,2190,2165,25
2519,1729021033,2165,1855,310
2520,1729005916,2164,2104,60
2521,1728981533,2163,1331,832
2522,1728936459,2163,1963,200
2523,1728897127,2069,2162,93
2524,1728896960,2162,1864,298
2525,1728896742,2161,1509,652
2526,1728853763,2067,2160,93
2527,1728758841,2159,1939,220
2528,1728745423,2159,2010,149
2529,1728735179,2159,1869,290
2530,1728734516,1975,2158,183
2531,1728733771,2158,2046,112
2532,1728673703,2158,2203,45
2533,1728651399,2158,2203,45
2534,1728643242,2157,1939,218
2535,1728642040,2156,1778,378
2536,1728641773,2155,1758,397
2537,1728591993,2155,2284,129
2538,1728590203,2154,2284,130
2539,1728589884,2284,2154,130
2540,1728589518,2154,1986,168
2541,1728564613,2153,1592,561
2542,1728563744,2152,1265,887
2543,1728562308,2152,1928,224
2544,1728561565,1876,2151,275
2545,1728551931,2151,2167,16
2546,1728550983,1758,2148,390
2547,1728549681,2145,1894,251
2548,1728506496,2133,2178,45
2549,1728505894,2129,1975,154
2550,1728505204,2120,2077,43
2551,1728502933,2076,2113,37
2552,1728501759,1973,2112,139
2553,1728500602,2199,2112,87
2554,1728499622,2107,1902,205
2555,1728498643,2103,1975,128
2556,1728484788,2102,2174,72
2557,1728484320,2101,1854,247
2558,1728417020,2101,2176,75
2559,1728415444,2175,2099,76
2560,1728413971,1557,2098,541
2561,1728398842,2033,2098,65
2562,1728393748,1656,2098,442
2563,1728393435,2094,1893,201
2564,1728392176,1975,2091,116
2565,1728391823,1975,2090,115
2566,1728386068,2090,2407,317
2567,1728335392,2083,2104,21
2568,1728334854,1941,2077,136
2569,1728332882,2069,2039,30
2570,1728332303,2068,1906,162
2571,1728331260,2067,1843,224
2572,1728330668,2067,2150,83
2573,1728328780,2150,2060,90
2574,1728327727,2150,2058,92
2575,1728325958,2148,2058,90
2576,1728325688,2058,2147,89
2577,1728324991,2057,1840,217
2578,1728312667,2135,2057,78
2579,1728312124,2042,2135,93
2580,1728295933,2379,2033,346
2581,1728295585,2031,1847,184
2582,1728238096,2022,2030,8
2583,1728236906,2029,1870,159
2584,1728236485,2027,2022,5
2585,1728236174,2026,1853,173
2586,1728222142,2025,1896,129
2587,1728221635,2025,1843,182
2588,1728221405,2133,2025,108
2589,1728220950,2025,1904,121
2590,1728219816,2310,2025,285
2591,1728219554,2023,1662,361
2592,1728218643,2022,1975,47
2593,1728208430,2022,2373,351
2594,1728207879,2022,2373,351
2595,1728207186,2022,2198,176
2596,1728164730,2017,1925,92
2597,1728163646,2015,1922,93
2598,1728162646,2014,1886,128
2599,1728161861,2012,1920,92
2600,1728161386,1920,2011,91
2601,1728139281,2009,2273,264
2602,1728137013,2008,1975,33
2603,1728132951,2008,2262,254
2604,1727080705,2074,1507,567
2605,1726977155,1835,1471,364
2606,1726638704,1438,1580,142
2607,1726637764,1724,1400,324
2608,1726573088,1553,1359,194
2609,1726569691,1316,1567,251
2610,1726569044,1999,1315,684
2611,1726568098,1757,1315,442
2612,1726567361,1315,1758,443
2613,1726567070,1275,1929,654
2614,1726565674,1755,1275,480
2615,1726565343,1210,1866,656
2616,1726565116,1183,0,1183
2617,1726564661,1150,170,980
2618,1726563398,1866,1077,789
2619,1726562363,1346,1004,342
2620,1726551767,924,1371,447
2621,1726550849,2004,919,1085
2622,1726550457,1518,919,599
2623,1726549523,1774,818,956
2624,1726548968,802,1814,1012
2625,1726547159,1665,802,863
2626,1726547018,1877,679,1198
2627,1726546481,550,1512,962
2628,1726544379,405,1502,1097
2629,1726543392,1472,251,1221
2630,1726542886,1622,77,1545
2631,1726541606,1054,0,1054
2632,1725703234,1998,1468,530
2633,1725702927,1772,1459,313
2634,1725694460,2077,1412,665
2635,1725693469,1367,2077,710
2636,1725693415,1842,1313,529
2637,1725691809,1253,1873,620
2638,1725690677,2058,1231,827
2639,1725689686,1141,1175,34
2640,1725684805,1102,1818,716
2641,1725683892,1026,1697,671
2642,1725674205,1645,942,703
2643,1725673046,1684,915,769
2644,1725672525,816,1719,903
2645,1725672157,1706,797,909
2646,1725671784,1351,690,661
2647,1725670489,564,1785,1221
2648,1725669168,1636,428,1208
2649,1725668893,1616,280,1336
2650,1725668542,1480,121,1359
2651,1725667714,426,0,426
2652,1725666971,1723,0,1723
2653,1726442701,1979,2153,174
2654,1726441792,1834,2150,316
2655,1726440849,2145,1979,166
2656,1726440165,1979,2139,160
2657,1726437385,2135,2005,130
2658,1726435076,1910,2131,221
2659,1726434089,2126,1910,216
2660,1726432838,2120,1892,228
2661,1726392390,2060,2118,58
2662,1726391890,2302,2118,184
2663,1726390949,1803,2114,311
2664,1726388470,2105,2191,86
2665,1726387670,2105,2191,86
2666,1726386770,2474,2098,376
2667,1726385888,2474,2098,376
2668,1726384262,2191,2086,105
2669,1726384077,2080,2036,44
2670,1726383772,2075,1891,184
2671,1726376142,2069,2036,33
2672,1726373828,1873,2064,191
2673,1726370901,2056,2037,19
2674,1726368600,2051,1865,186
2675,1726351864,2044,1936,108
2676,1726351508,2040,1828,212
2677,1726350844,949,2035,1086
2678,1726349916,1936,2033,97
2679,1726348458,2032,1905,127
2680,1726311260,933,2032,1099
2681,1726310221,1754,2028,274
2682,1726308583,2021,1951,70
2683,1726307594,1970,2016,46
2684,1726303136,2057,2005,52
2685,1726301836,1877,1999,122
2686,1726293968,2026,1996,30
2687,1726293415,1995,1710,285
2688,1726204506,1895,1995,100
2689,1726202890,1995,1875,120
2690,1726201775,1692,1991,299
2691,1726200866,1990,1692,298
2692,1726199287,1875,1989,114
2693,1726198361,1753,1988,235
2694,1726197203,2491,1988,503
2695,1725841300,1865,1988,123
2696,1725840820,1865,1983,118
2697,1725840396,1865,1977,112
2698,1725839813,1974,1823,151
2699,1725839238,1864,1973,109
2700,1725838902,1864,1972,108
2701,1725838569,1936,1971,35
2702,1725837712,1936,1970,34
2703,1725837117,1970,2380,410
2704,1725836639,1936,1969,33
2705,1725836358,1863,1969,106
2706,1725834246,1967,1984,17
2707,1725832322,1966,1862,104
2708,1725831441,1966,2032,66
2709,1725830353,2032,1965,67
2710,1725828468,1965,1959,6
2711,1725827690,1965,2239,274
2712,1725826845,1984,1964,20
2713,1725826036,1963,1984,21
2714,1725825352,1961,1843,118
2715,1725824314,1961,2020,59
2716,1725823099,1960,1905,55
2717,1725822690,1958,1960,2
2718,1725819396,1960,2309,349
2719,1725780176,1959,1820,139
2720,1725779438,1581,1959,378
2721,1725778535,1575,1953,378
2722,1725777865,1952,1950,2
2723,1725777208,1841,1949,108
2724,1725767039,1949,2194,245
2725,1725766258,1830,1948,118
2726,1725765756,1751,1946,195
2727,1725765247,1969,1946,23
2728,1725753894,1859,1942,83
2729,1725752043,1941,1936,5
2730,1725746695,1939,1881,58
2731,1725745296,2276,1939,337
2732,1725744191,2276,1939,337
2733,1725743269,1938,1956,18
2734,1725742159,2307,1938,369
2735,1725740980,2000,1938,62
2736,1725739887,1903,1932,29
2737,1725738551,1865,1922,57
2738,1725737838,1880,1904,24
2739,1725709904,2380,1902,478
2740,1725707869,1868,1901,33
2741,1725707050,1901,1943,42
2742,1725705505,1901,1931,30
2743,1725704793,1893,1936,43
2744,1725603688,1846,1888,42
2745,1725598595,1886,1795,91
2746,1725597361,2194,1885,309
2747,1725596843,2194,1885,309
2748,1725596300,2160,1885,275
2749,1725595772,1883,1729,154
2750,1725594347,1881,1836,45
2751,1725593384,2155,1881,274
2752,1725592952,1881,2069,188
2753,1730157345,2409,2205,204
2754,1730140774,2195,2257,62
2755,1730085614,2074,2189,115
2756,1730084838,2188,2074,114
2757,1730084115,1218,2186,968
2758,1730080666,2185,1740,445
2759,1730079814,2183,1941,242
2760,1730079313,2182,1007,1175
2761,1730078714,1951,2180,229
2762,1730077672,2204,2180,24
2763,1730076913,1786,2178,392
2764,1730076175,2173,1950,223
2765,1730075725,2167,2110,57
2766,1730075523,2110,2161,51
2767,1730075442,2154,2110,44
2768,1730075238,2110,2148,38
2769,1730074634,2141,2110,31
2770,1730074517,2134,2110,24
2771,1730074221,2130,2110,20
2772,1730073872,2598,2130,468
2773,1730073429,2110,2122,12
2774,1730072656,2110,2114,4
2775,1730072183,2143,2106,37
2776,1730071858,2098,2061,37
2777,1730071291,2090,2061,29
2778,1730070621,2110,2081,29
2779,1730068299,2079,1727,352
2780,1730067766,2593,2079,514
2781,1729949362,2076,1978,98
2782,1729948875,2074,0,2074
2783,1729948505,2072,1879,193
2784,1729947764,1677,2072,395
2785,1729459771,2058,2256,198
2786,1729459087,2052,2030,22
2787,1729151906,1667,2048,381
2788,1729051757,2100,2046,54
2789,1729051003,2044,2020,24
2790,1729050341,2119,2044,75
2791,1729049796,2042,0,2042
2792,1729049602,2040,1315,725
2793,1729040544,1206,2038,832
2794,1729033459,2036,984,1052
2795,1729031524,2033,1843,190
2796,1729031052,2031,1840,191
2797,1729030194,2031,668,1363
2798,1729029741,2029,553,1476
2799,1729028814,497,2027,1530
2800,1729028085,1894,2027,133
2801,1729024556,2197,2012,185
2802,1728970355,2032,2010,22
2803,1728968461,821,2007,1186
2804,1728966225,2008,2007,1
2805,1728964854,2006,1996,10
2806,1728963855,1377,1993,616
2807,1728962154,1997,1981,16
2808,1728951026,1974,1838,136
2809,1728950140,1838,1971,133
2810,1728949840,2317,1971,346
2811,1728947989,1964,1833,131
2812,1728946176,1957,1974,17
2813,1728945323,1950,1911,39
2814,1728943764,1941,2083,142
2815,1728941119,1935,1823,112
2816,1728939375,1928,1683,245
2817,1728815067,1919,2066,147
2818,1728814484,1985,1910,75
2819,1728814098,2066,1899,167
2820,1728813530,1891,1975,84
2821,1728812602,1873,1994,121
2822,1728811786,2066,1851,215
2823,1728811041,1847,2132,285
2824,1728809683,2243,1825,418
2825,1728806803,1994,1802,192
2826,1728806020,1802,1954,152
2827,1728805534,1907,1780,127
2828,1728805011,1772,0,1772
2829,1728804207,1753,1775,22
2830,1728803374,1750,1775,25
2831,1728802303,1829,1750,79
2832,1728801844,1725,1829,104
2833,1728800849,1725,1926,201
2834,1728799860,1695,2242,547
2835,1728799200,1849,1665,184
2836,1728798750,1632,1827,195
2837,1728798044,1966,1593,373
2838,1728797231,1809,1563,246
2839,1728777953,2040,1528,512
2840,1728626495,1514,0,1514
2841,1728623151,1481,1478,3
2842,1728612100,1888,1433,455
2843,1728610554,870,1402,532
2844,1728606130,1359,1657,298
2845,1728601297,1354,1752,398
2846,1728600728,1613,1354,259
2847,1728598135,1314,1533,219
2848,1728597634,1746,1257,489
2849,1728597016,1811,1190,621
2850,1728596224,1183,2245,1062
2851,1728596074,1183,0,1183
2852,1728589692,1833,1106,727
2853,1730083498,2155,0,2155
2854,1730083032,2155,0,2155
2855,1730082725,1339,2154,815
2856,1730082580,2154,1314,840
2857,1730082128,1307,2154,847
2858,1730081976,2154,1314,840
2859,1730081648,1461,2154,693
2860,1729731080,1434,2154,720
2861,1729730538,2153,1636,517
2862,1728951547,2104,2153,49
2863,1728613424,1888,2153,265
2864,1725329358,2125,2153,28
2865,1725164010,2153,1876,277
2866,1725163335,2153,1881,272
2867,1725162635,1881,2152,271
2868,1725162337,2152,1881,271
2869,1725161889,1876,2152,276
2870,1725057422,2168,2152,16
2871,1725056694,2309,2152,157
2872,1724986062,1923,2152,229
2873,1724985392,2151,1923,228
2874,1724982537,1904,2151,247
2875,1724982203,1904,2151,247
2876,1724981821,1900,2151,251
2877,1724981169,2151,1922,229
2878,1724980326,2151,1922,229
2879,1724979634,2151,2146,5
2880,1724978755,1749,2151,402
2881,1724967438,1904,2150,246
2882,1724906114,2150,1863,287
2883,1724905703,1857,2150,293
2884,1724903843,2150,1889,261
2885,1724880860,1900,2150,250
2886,1724879962,2150,1900,250
2887,1724874961,2051,2149,98
2888,1724874154,2087,2149,62
2889,1724873019,2149,1911,238
2890,1724824263,1886,2149,263
2891,1724823499,2149,1968,181
2892,1724823160,1866,2148,282
2893,1724822403,1961,2148,187
2894,1724821403,1884,2148,264
2895,1724820410,1841,2148,307
2896,1724819244,1920,2148,228
2897,1724818234,1883,2148,265
2898,1724655228,2148,2244,96
2899,1724654350,2240,2148,92
2900,1724652738,2116,2148,32
2901,1724630998,2147,2103,44
2902,1724628007,2103,2147,44
2903,1724626080,1915,2147,232
2904,1724624835,2147,1724,423
2905,1724623504,1719,2147,428
2906,1724554576,2147,1931,216
2907,1724554065,2147,2309,162
2908,1724520710,2098,2147,49
2909,1724520391,2147,2222,75
2910,1724519636,2222,2147,75
2911,1724519251,1975,2147,172
2912,1724470709,2147,1945,202
2913,1724470085,2147,2282,135
2914,1724469056,2249,2147,102
2915,1724468260,2147,2309,162
2916,1724466985,2146,2249,103
2917,1724466015,2146,2270,124
2918,1724465532,1966,2146,180
2919,1724465065,2146,2094,52
2920,1724462748,2309,2146,163
2921,1724462160,2309,2145,164
2922,1724461907,2145,2020,125
2923,1724460499,2145,1798,347
2924,1724459858,1917,2145,228
2925,1724459806,1917,2145,228
2926,1724459096,2145,2228,83
2927,1724458039,2228,2145,83
2928,1724450423,2144,1935,209
2929,1724449477,2144,2222,78
2930,1724383794,2144,1947,197
2931,1724383260,1941,2143,202
2932,1724382864,1967,2143,176
2933,1724381790,1967,2143,176
2934,1724381683,2143,1780,363
2935,1724381594,2294,2143,151
2936,1724381501,2143,2294,151
2937,1724381116,1941,2143,202
2938,1724380626,2123,2143,20
2939,1724380438,2143,1751,392
2940,1724379616,2029,2142,113
2941,1724379468,2142,1730,412
2942,1724343016,1885,2142,257
2943,1724300167,1941,2142,201
2944,1724298921,2159,2142,17
2945,1724297663,2142,1893,249
2946,1724295551,2142,1888,254
2947,1724292984,2142,1894,248
2948,1724291946,2068,2141,73
2949,1724291065,2141,2070,71
2950,1724290213,2052,2141,89
2951,1724288955,1869,2141,272
2952,1724288532,1977,2141,164
2953,1730081300,1461,1326,135
2954,1729952481,1262,1652,390
2955,1729951699,1933,1190,743
2956,1729951010,1978,1115,863
2957,1729950561,1037,1663,626
2958,1729949961,1639,955,684
2959,1728979162,1102,879,223
2960,1728957098,2104,808,1296
2961,1728956056,1994,768,1226
2962,1728954127,1627,658,969
2963,1728937999,1724,540,1184
2964,1728808686,493,1907,1414
2965,1728807787,447,1907,1460
2966,1728807238,296,1602,1306
2967,1728801325,139,1756,1617
2968,1725827875,86,1758,1672
2969,1723244800,1461,0,1461
2970,1723599192,2141,898,1243
2971,1723598292,2140,1991,149
2972,1723597598,2139,1991,148
2973,1723594975,1880,2139,259
2974,1723594222,2138,2108,30
2975,1723589929,2137,2158,21
2976,1723589442,2161,2136,25
2977,1723589023,1970,2136,166
2978,1723588247,2004,2136,132
2979,1723587450,2136,1759,377
2980,1723586762,2136,2025,111
2981,1723585535,2002,2136,134
2982,1723584842,2135,2002,133
2983,1723466960,2134,2143,9
2984,1723466295,2134,2142,8
2985,1723426778,2133,2118,15
2986,1723426100,2117,2133,16
2987,1723425212,2133,1964,169
2988,1723424661,2132,1909,223
2989,1723423850,1964,2131,167
2990,1723423114,2131,2250,119
2991,1723422816,2244,2131,113
2992,1723418140,2130,2125,5
2993,1723417070,2129,1992,137
2994,1723416464,2129,1980,149
2995,1723415802,2129,1980,149
2996,1723414401,2129,1980,149
2997,1723413977,2175,2129,46
2998,1723412967,2104,2129,25
2999,1723407781,2198,2128,70
3000,1723406953,2137,2128,9
3001,1723406655,2197,2128,69
3002,1723336447,2127,1919,208
3003,1723334593,2126,1841,285
3004,1723334209,2125,1951,174
3005,1723331729,2124,1832,292
3006,1723328345,2122,2123,1
3007,1723320873,2118,2122,4
3008,1723312558,2113,2121,8
3009,1723311682,2121,1986,135
3010,1723310386,2120,2003,117
3011,1723309688,2120,1983,137
3012,1723309401,2146,2119,27
3013,1723309089,2118,2146,28
3014,1723308763,2117,1983,134
3015,1723308030,2117,1980,137
3016,1723307570,2116,2145,29
3017,1723306396,2115,1848,267
3018,1723305783,2114,1980,134
3019,1723304647,2113,2144,31
3020,1723303737,1978,2113,135
3021,1723303409,1962,2113,151
3022,1723302540,2144,2112,32
3023,1723302000,2144,2111,33
3024,1723301059,1991,2110,119
3025,1723300698,2079,2110,31
3026,1723299852,1940,2109,169
3027,1723299548,2066,2109,43
3028,1723299229,2109,2065,44
3029,1723298649,1913,2109,196
3030,1723297608,1972,2108,136
3031,1723296636,1972,2106,134
3032,1723295315,2106,1964,142
3033,1723294509,2137,2106,31
3034,1723294062,2106,2129,23
3035,1723293496,2122,2106,16
3036,1723291927,1940,2105,165
3037,1723290973,1939,2105,166
3038,1723288456,1906,2104,198
3039,1723247950,2150,2104,46
3040,1723247398,2103,1701,402
3041,1723246519,1863,2101,238
3042,1723245996,2101,1994,107
3043,1723245026,2100,1874,226
3044,1723244446,2100,1984,116
3045,1723243493,2099,1984,115
3046,1723243194,2099,1982,117
3047,1723242081,1991,2099,108
3048,1723241186,2099,1791,308
3049,1723240390,1936,2098,162
3050,1723239281,2098,1848,250
3051,1723206139,2096,1826,270
3052,1723203097,2096,2184,88
3053,1723202810,2184,2095,89
3054,1723202081,1927,2095,168
3055,1723201718,2095,1981,114
3056,1723200545,1881,2094,213
3057,1723198571,1943,2092,149
3058,1723197748,2092,2020,72
3059,1723196967,1979,2091,112
3060,1723154248,2091,2097,6
3061,1723153872,2106,2089,17
3062,1723153324,2088,2106,18
3063,1723152953,2086,1861,225
3064,1723150724,2085,1975,110
3065,1723149471,2083,1900,183
3066,1723149072,1971,2082,111
3067,1723148648,1935,2082,147
3068,1723146782,2112,2080,32
3069,1723145841,2080,2013,67
3070,1731451106,1209,165,1044
3071,1731451060,1209,165,1044
3072,1731427896,2049,86,1963
3073,1728820923,1541,0,1541
3074,1731458957,1889,2133,244
3075,1731458879,2133,1723,410
3076,1731458833,2133,1297,836
3077,1731458798,1281,2133,852
3078,1731458723,2133,1246,887
3079,1731458687,2133,1241,892
3080,1731458648,2133,1241,892
3081,1731458178,2133,1933,200
3082,1731457855,299,2133,1834
3083,1731457766,2133,1218,915
3084,1731457726,2133,1193,940
3085,1731457592,2133,1723,410
3086,1731457544,2133,1723,410
3087,1731457455,2133,1723,410
3088,1731457402,2133,1723,410
3089,1731457357,2133,1723,410
3090,1731457319,2133,1723,410
3091,1731457285,2133,1723,410
3092,1731457246,2133,1723,410
3093,1731457209,2133,1723,410
3094,1731454977,2459,2133,326
3095,1731454927,1717,2133,416
3096,1731453313,1717,2133,416
3097,1731452753,2459,2133,326
3098,1731452719,1717,2133,416
3099,1731452678,1717,2132,415
3100,1731452626,1717,2132,415
3101,1731448031,1611,2132,521
3102,1731447150,1534,2132,598
3103,1731446758,2132,1534,598
3104,1731445533,2132,1572,560
3105,1731444931,2132,2107,25
3106,1731443896,2132,2152,20
3107,1731443473,2132,1747,385
3108,1731442064,2132,1429,703
3109,1731441703,1190,2132,942
3110,1731427245,2048,2132,84
3111,1731426702,2132,1743,389
3112,1731426206,2132,1743,389
3113,1731425564,2132,2107,25
3114,1731424986,2132,594,1538
3115,1731424067,2132,1733,399
3116,1731376043,2132,1336,796
3117,1731375118,2132,1336,796
3118,1731366238,1881,2132,251
3119,1731343598,1872,2132,260
3120,1731342808,2132,2160,28
3121,1731342082,2160,2132,28
3122,1731341105,2132,990,1142
3123,1731340369,2132,1914,218
3124,1731339580,2132,1837,295
3125,1731338759,2128,1914,214
3126,1731337994,2124,1893,231
3127,1731337193,2107,2123,16
3128,1731335899,2123,81,2042
3129,1731335718,1717,2123,406
3130,1731335252,2123,2107,16
3131,1731334541,0,2121,2121
3132,1731333889,2112,2084,28
3133,1731333249,2110,1787,323
3134,1731331903,2110,1787,323
3135,1731331521,1631,2110,479
3136,1731330588,1631,2110,479
3137,1731330078,1567,2110,543
3138,1731329112,2110,1914,196
3139,1731328731,2110,2425,315
3140,1731328193,2110,1682,428
3141,1731327681,2109,0,2109
3142,1731200933,1167,2109,942
3143,1731200346,2105,1139,966
3144,1731200106,1110,2102,992
3145,1731199889,2102,1477,625
3146,1731199295,2102,1920,182
3147,1731198447,2581,2102,479
3148,1731008996,2102,1788,314
3149,1731008782,2102,150,1952
3150,1731008014,1744,2102,358
3151,1731007648,2102,0,2102
3152,1731007214,2102,2029,73
3153,1731006476,1846,2101,255
3154,1731005860,2101,1846,255
3155,1731001209,2101,2151,50
3156,1731000715,2101,0,2101
3157,1731000286,2101,0,2101
3158,1730999488,2101,2230,129
3159,1730928274,2101,1480,621
3160,1730928098,2101,2074,27
3161,1730927575,2101,0,2101
3162,1730926263,2101,1706,395
3163,1730925828,2029,2101,72
3164,1730924998,2100,2029,71
3165,1730924485,2100,2029,71
3166,1730924207,2100,1329,771
3167,1730923340,2100,1881,219
3168,1730922917,2100,1706,394
3169,1730922075,1942,2100,158
3170,1730918437,1750,2100,350
3171,1730917904,2100,1706,394
3172,1730917582,1712,2100,388
3173,1730917023,2100,1728,372
3174,1731457163,1800,1721,79
3175,1731457118,1800,1719,81
3176,1731456419,1799,1895,96
3177,1731455989,1848,1798,50
3178,1731455915,1717,1798,81
3179,1731455579,1462,1797,335
3180,1731455265,1796,1462,334
3181,1731452582,1796,1709,87
3182,1731452546,1700,1796,96
3183,1731452501,1796,1691,105
3184,1731452463,1682,1796,114
3185,1731452428,1680,1796,116
3186,1731452387,1796,1677,119
3187,1731451838,1815,1796,19
3188,1731451796,1667,1796,129
3189,1731451755,1656,1796,140
3190,1731451184,823,1795,972
3191,1731451146,1653,1795,142
3192,1731450140,1611,1794,183
3193,1731449677,1895,1793,102
3194,1731449635,1497,1792,295
3195,1731449028,1791,1941,150
3196,1731448665,1790,1440,350
3197,1730310399,0,1789,1789
3198,1730043283,1788,1699,89
3199,1729896773,2391,1788,603
3200,1729896621,1787,312,1475
3201,1729895611,1786,1842,56
3202,1729893682,1784,797,987
3203,1729853984,1869,1784,85
3204,1729852650,1567,1783,216
3205,1729852425,1869,1783,86
3206,1729723218,1128,1782,654
3207,1729713449,1869,1781,88
3208,1729011422,1609,1781,172
3209,1728992347,1780,376,1404
3210,1728989973,1778,1691,87
3211,1728985260,1777,1543,234
3212,1727655891,1776,1482,294
3213,1727654663,1774,1691,83
3214,1727653183,1902,1774,128
3215,1727652643,1799,1774,25
3216,1727652262,1614,1774,160
3217,1727651375,1773,1617,156
3218,1727650516,1773,1902,129
3219,1726827492,1773,1652,121
3220,1726817231,1773,1706,67
3221,1724069939,1773,1761,12
3222,1724069533,1773,1801,28
3223,1724069210,1773,1764,9
3224,1724068282,1676,1773,97
3225,1724058198,1338,1772,434
3226,1723794955,1608,1770,162
3227,1723792847,1769,1767,2
3228,1723485133,1797,1769,28
3229,1723478105,1769,1668,101
3230,1723477682,1665,1769,104
3231,1723476257,1795,1767,28
3232,1723475867,1766,1795,29
3233,1723449990,1766,1947,181
3234,1723448176,1764,580,1184
3235,1723195093,1764,1673,91
3236,1723194076,1694,1763,69
3237,1723193449,1678,1763,85
3238,1723181362,1873,1763,110
3239,1723150093,1668,1763,95
3240,1723148881,1763,1763,0
3241,1723147336,1761,1727,34
3242,1723145349,1651,1760,109
3243,1723145164,1760,1822,62
3244,1722969192,1760,1772,12
3245,1722968920,1845,1760,85
3246,1722968707,1760,1843,83
3247,1722968526,1741,1760,19
3248,1722879614,1758,1741,17
3249,1722879202,1756,1782,26
3250,1722878319,1756,1709,47
3251,1722878279,1846,1755,91
3252,1722877984,1755,1772,17
3253,1722876012,1753,1781,28
3254,1722875787,1753,1780,27
3255,1722875474,1781,1753,28
3256,1722870087,1732,1751,19
3257,1722869573,1750,1740,10
3258,1722868994,1844,1750,94
3259,1722868141,1748,1676,72
3260,1722867903,1746,1734,12
3261,1722867661,1746,1783,37
3262,1722867142,1621,1744,123
3263,1722866845,1743,1731,12
3264,1722865978,1741,1592,149
3265,1722865514,1739,1685,54
3266,1722864963,1739,1919,180
3267,1722864672,1877,1739,138
3268,1722864466,1739,1815,76
3269,1722864059,1137,1737,600
3270,1722863760,1128,1735,607
3271,1722862970,1724,1735,11
3272,1722862177,1777,1735,42
3273,1722852949,1902,1735,167
3274,1723644548,0,0,0
3275,1724311272,1483,0,1483
3276,1726821211,1861,2132,271
3277,1726820918,2132,1847,285
3278,1726775886,1788,2132,344
3279,1726775408,1907,2132,225
3280,1726774634,2132,1762,370
3281,1726773507,1821,2132,311
3282,1726773082,2131,1813,318
3283,1726772508,1906,2131,225
3284,1724960166,1949,2131,182
3285,1724959791,1793,2131,338
3286,1724959340,1949,2131,182
3287,1724925311,2131,1718,413
3288,1724924467,1839,2131,292
3289,1724924158,1828,2131,303
3290,1724923821,1827,2131,304
3291,1724923364,2131,1827,304
3292,1724922633,1873,2131,258
3293,1724922107,1802,2131,329
3294,1724921626,1524,2131,607
3295,1724692684,1994,2131,137
3296,1724691979,1919,2131,212
3297,1724691566,2131,1994,137
3298,1724690940,1984,2131,147
3299,1724690260,2131,2051,80
3300,1724600236,1752,2131,379
3301,1724593449,1841,2131,290
3302,1724592993,2131,2323,192
3303,1724591840,2333,2131,202
3304,1724590608,2293,2131,162
3305,1724590124,2131,1969,162
3306,1724589749,1969,2131,162
3307,1724586802,2131,1811,320
3308,1724586257,2293,2131,162
3309,1724585310,1956,2131,175
3310,1724582101,2131,2317,186
3311,1724580999,2131,2317,186
3312,1724580674,2131,1909,222
3313,1724579167,2131,2309,178
3314,1724578125,2062,2131,69
3315,1724577774,2131,2051,80
3316,1724576983,1958,2131,173
3317,1724576440,2131,1957,174
3318,1724576157,2131,1957,174
3319,1724575870,2131,1955,176
3320,1724574809,2019,2131,112
3321,1724574600,2019,2122,103
3322,1724574338,2112,2019,93
3323,1724573458,2109,1158,951
3324,1724572898,2109,1907,202
3325,1724572154,2109,1952,157
3326,1724571716,2109,1952,157
3327,1724571125,2109,1950,159
3328,1724570742,1907,2109,202
3329,1724570412,2109,2014,95
3330,1724539230,2109,2292,183
3331,1724538407,2109,2314,205
3332,1724537671,2046,2109,63
3333,1724537458,2101,2046,55
3334,1724537044,2046,2093,47
3335,1724536790,2085,2046,39
3336,1724535690,2116,2085,31
3337,1724530600,2085,2014,71
3338,1724529689,2085,2166,81
3339,1724528755,1988,2085,97
3340,1724528562,2085,1988,97
3341,1724526731,2013,2085,72
3342,1724526335,2006,2085,79
3343,1724524829,2085,1875,210
3344,1724524658,1988,2084,96
3345,1724524000,2314,2084,230
3346,1724523163,2084,2314,230
3347,1724522958,2084,2005,79
3348,1724522072,2084,2004,80
3349,1724519014,1938,2084,146
3350,1724518444,2084,2222,138
3351,1724518048,2043,2084,41
3352,1724513534,2084,2116,32
3353,1724513009,2116,2084,32
3354,1724512287,2292,2084,208
3355,1724511869,2292,2084,208
3356,1724511073,1873,2084,211
3357,1724504314,2084,2165,81
3358,1724503889,2084,2012,72
3359,1724499153,2084,1847,237
3360,1724495845,2084,1947,137
3361,1724495007,2084,1999,85
3362,1724493899,2079,2084,5
3363,1724492105,2084,2152,68
3364,1724491572,1822,2084,262
3365,1724490729,1852,2083,231
3366,1724489659,2083,1720,363
3367,1724489076,1853,2083,230
3368,1724488618,2012,2083,71
3369,1724487628,2083,2012,71
3370,1724487144,2476,2083,393
3371,1724450337,2083,2222,139
3372,1724449705,2322,2083,239
3373,1724449644,2083,2165,82
3374,1724448525,2083,2031,52
3375,1724448186,2083,2227,144
3376,1722831540,220,423,203
3377,1722830781,1310,52,1258
3378,1722476535,74,28,46
3379,1722459180,0,0,0
3380,1731604249,2106,1783,323
3381,1731603645,2101,1915,186
3382,1731603107,2095,1915,180
3383,1731602504,1621,2094,473
3384,1731602109,2090,1805,285
3385,1731601306,2087,1805,282
3386,1731600430,2085,1684,401
3387,1731599636,2083,1748,335
3388,1731598868,2082,1748,334
3389,1731598280,2073,2028,45
3390,1731597668,2072,1297,775
3391,1731596976,2071,1468,603
3392,1731596306,2069,1706,363
3393,1731595804,1472,2068,596
3394,1731595354,2068,1472,596
3395,1731594063,2325,2053,272
3396,1731594041,1647,2050,403
3397,1731594011,1647,2047,400
3398,1731593986,1647,2045,398
3399,1731593955,1647,2042,395
3400,1731593490,1647,2039,392
3401,1731593067,2036,1647,389
3402,1731592538,2030,1832,198
3403,1731591777,2028,1629,399
3404,1731591357,2028,1359,669
3405,1731590681,1504,2028,524
3406,1731589966,2028,1935,93
3407,1731588388,2028,2356,328
3408,1731587218,2028,2215,187
3409,1731586508,2028,2209,181
3410,1731585421,2022,2107,85
3411,1731508860,2021,1478,543
3412,1731508389,2074,2009,65
3413,1731507863,2074,2007,67
3414,1731507420,2007,2070,63
3415,1731507347,2007,1211,796
3416,1731506588,2007,1180,827
3417,1731505857,2007,1656,351
3418,1731505396,2006,2355,349
3419,1731504258,2006,1593,413
3420,1731503928,2006,1877,129
3421,1731503409,1932,2006,74
3422,1731502882,2006,1932,74
3423,1731501992,1590,2006,416
3424,1731501536,1813,2006,193
3425,1731500724,2006,2161,155
3426,1731499682,2160,2006,154
3427,1731499231,2005,1818,187
3428,1731498487,2005,2107,102
3429,1731497900,2005,1388,617
3430,1731497355,2005,1388,617
3431,1731496678,2005,866,1139
3432,1731496050,2353,2005,348
3433,1731495401,2353,2005,348
3434,1731495011,1484,2004,520
3435,1731494780,2001,1793,208
3436,1731494205,1999,1563,436
3437,1731493756,497,1998,1501
3438,1731493328,492,1998,1506
3439,1731492910,1850,1996,146
3440,1731492401,1996,0,1996
3441,1731492081,1996,1484,512
3442,1731491835,1692,1996,304
3443,1731491290,1995,1732,263
3444,1731490626,1995,1732,263
3445,1731490062,2070,1995,75
3446,1731489234,2070,1995,75
3447,1731488614,2061,1995,66
3448,1731488159,1629,1995,366
3449,1731488110,1994,0,1994
3450,1731487879,0,1994,1994
3451,1731487178,1994,1922,72
3452,1731486382,2099,1994,105
3453,1731485415,1986,2099,113
3454,1731484396,1986,1994,8
3455,1731483840,107,1985,1878
3456,1731483326,1071,1985,914
3457,1731482359,1984,1848,136
3458,1731481740,1983,1626,357
3459,1731480837,1983,1848,135
3460,1731480416,1983,0,1983
3461,1731479160,2007,1983,24
3462,1731478612,1983,2099,116
3463,1731478025,1982,1625,357
3464,1731477413,1982,990,992
3465,1731476466,1794,1982,188
3466,1731475862,1794,1981,187
3467,1731475592,1981,982,999
3468,1731475030,1981,1705,276
3469,1731474605,1618,1980,362
3470,1731474248,1980,1618,362
3471,1731474212,1827,1980,153
3472,1731474170,1556,1979,423
3473,1731474124,1979,1556,423
3474,1731473629,1668,1979,311
3475,1731472729,1827,1978,151
3476,1731472530,1827,1978,151
3477,1731471845,1312,1978,666
3478,1731471357,1977,1312,665
3479,1731470536,1312,1977,665
3480,1727218694,2106,2296,190
3481,1727217796,2296,2106,190
3482,1727216219,1710,2106,396
3483,1727214095,1945,2106,161
3484,1727213454,2106,2373,267
3485,1727212219,2035,2106,71
3486,1727208492,2085,2106,21
3487,1727202598,2219,2106,113
3488,1727202177,2371,2106,265
3489,1727201074,2373,2106,267
3490,1727200542,2220,2106,114
3491,1727199785,2270,2106,164
3492,1727148951,2106,1952,154
3493,1727148075,2319,2106,213
3494,1727147057,2106,2319,213
3495,1727146269,2023,2106,83
3496,1727141703,2031,2106,75
3497,1727140389,2106,1869,237
3498,1727139365,2296,2106,190
3499,1727137537,2106,2193,87
3500,1727133557,2106,1924,182
3501,1727132581,2132,2106,26
3502,1727132132,2106,1924,182
3503,1727131013,2106,2296,190
3504,1727130523,2106,1923,183
3505,1727129531,2106,2296,190
3506,1727128627,2296,2106,190
3507,1727123804,2106,1962,144
3508,1727122516,1961,2106,145
3509,1727045368,1812,2106,294
3510,1727044267,2296,2106,190
3511,1727043178,2106,2202,96
3512,1727042150,2106,2296,190
3513,1727041467,2106,2296,190
3514,1727040265,2106,1672,434
3515,1727039668,2000,2106,106
3516,1727023155,2358,2106,252
3517,1727022254,2106,2221,115
3518,1727020567,1981,2106,125
3519,1727019578,2170,2106,64
3520,1727018985,2287,2106,181
3521,1727016443,2106,2322,216
3522,1727015992,2322,2106,216
3523,1727015484,1975,2106,131
3524,1727015046,2358,2106,252
3525,1727013766,2106,2322,216
3526,1727012932,2106,2322,216
3527,1727012154,1990,2105,115
3528,1726965414,2105,2296,191
3529,1726964727,2105,2068,37
3530,1726962740,2105,2198,93
3531,1726962204,2197,2105,92
3532,1726961272,2105,1516,589
3533,1726960386,2105,1812,293
3534,1726957586,2105,2296,191
3535,1726956857,2296,2105,191
3536,1726955835,2105,1661,444
3537,1726954746,2196,2105,91
3538,1726953828,2104,1968,136
3539,1726938765,2104,2061,43
3540,1726937937,2104,2172,68
3541,1726937030,2104,2000,104
3542,1726936054,1831,2104,273
3543,1726935254,2172,2104,68
3544,1726933634,2009,2104,95
3545,1726932927,2066,2104,38
3546,1726932128,1880,2104,224
3547,1726931394,1870,2104,234
3548,1726870850,1939,2104,165
3549,1726870622,2104,1971,133
3550,1726869112,1971,2103,132
3551,1726868127,2103,1746,357
3552,1726867384,1721,2103,382
3553,1726866607,2103,2267,164
3554,1726866330,2459,2103,356
3555,1726865009,2459,2103,356
3556,1726687726,2065,2103,38
3557,1726686735,1893,2103,210
3558,1726686201,2103,2283,180
3559,1726685560,2103,1815,288
3560,1726685142,2103,2065,38
3561,1726682795,2103,1964,139
3562,1726682212,1726,2103,377
3563,1725409194,2103,1755,348
3564,1725408182,2103,1781,322
3565,1725406451,1830,2099,269
3566,1725159047,2089,2147,58
3567,1725156118,2089,1811,278
3568,1725155351,2147,2089,58
3569,1725148664,2089,1746,343
3570,1725147701,2032,2089,57
3571,1725146643,2089,2032,57
3572,1725072020,2089,2011,78
3573,1725070932,2089,1941,148
3574,1725069482,1999,2089,90
3575,1725068720,2088,2110,22
3576,1724988984,2088,2309,221
3577,1724988425,2088,1856,232
3578,1724987672,2146,2088,58
3579,1724987008,2146,2088,58
3580,1724533244,1831,2100,269
3581,1724532843,2036,2100,64
3582,1724532290,2094,2100,6
3583,1724529340,2100,2038,62
3584,1724528058,2228,2100,128
3585,1724515987,2294,2100,194
3586,1724500369,2476,2100,376
3587,1724499516,2100,1968,132
3588,1724498246,2099,1882,217
3589,1724435409,2031,2099,68
3590,1724419180,2099,2222,123
3591,1724418014,2099,2302,203
3592,1724414028,2098,1874,224
3593,1724410847,2098,2179,81
3594,1724408112,2098,2163,65
3595,1724407615,2177,2098,79
3596,1724405800,2163,2098,65
3597,1724404844,2226,2097,129
3598,1724403952,2097,2081,16
3599,1724402786,2081,2096,15
3600,1724335335,2096,1964,132
3601,1724335096,1963,2096,133
3602,1724268784,2096,2300,204
3603,1724268278,2294,2096,198
3604,1724268081,1942,2096,154
3605,1724267746,2096,2299,203
3606,1724267424,2096,2335,239
3607,1724250272,2288,2096,192
3608,1724249595,2095,2034,61
3609,1724248902,2095,2210,115
3610,1724248357,2095,2210,115
3611,1724245873,2095,2210,115
3612,1724245151,2095,1883,212
3613,1724237026,2095,2287,192
3614,1724235934,2094,2287,193
3615,1724231520,2094,2015,79
3616,1724230509,2094,2015,79
3617,1724230194,2014,2094,80
3618,1724165622,2094,2064,30
3619,1724161858,2026,2093,67
3620,1724161597,2093,2274,181
3621,1724160534,2093,2024,69
3622,1724153448,2190,2093,97
3623,1724153169,2093,2190,97
3624,1724151787,2092,2161,69
3625,1724150869,2164,2092,72
3626,1724149980,2224,2092,132
3627,1724145356,2092,2007,85
3628,1724144625,2092,1997,95
3629,1724095932,2139,2091,48
3630,1724093857,2161,2090,71
3631,1724093094,2090,2007,83
3632,1724079252,1980,2090,110
3633,1724079039,2075,2090,15
3634,1724078763,2090,2074,16
3635,1724065417,2090,2035,55
3636,1724059390,2022,2089,67
3637,1724059116,2089,2008,81
3638,1724058239,2089,2262,173
3639,1724014436,1944,2089,145
3640,1723991134,2181,2089,92
3641,1723989989,2089,2005,84
3642,1723986823,2089,2153,64
3643,1723905436,1976,2088,112
3644,1723800478,2087,1796,291
3645,1723799642,1967,2087,120
3646,1723799446,2086,1967,119
3647,1723797377,2086,1879,207
3648,1723796304,2085,1773,312
3649,1723795121,2174,2084,90
3650,1723757722,1852,2084,232
3651,1723756949,2013,2084,71
3652,1723756468,2194,2084,110
3653,1723756195,2188,2084,104
3654,1723755768,2084,2020,64
3655,1723753447,2143,2083,60
3656,1723752722,2082,2182,100
3657,1723751653,2082,1746,336
3658,1723743852,2082,1867,215
3659,1723743701,2082,1867,215
3660,1723742352,1646,2082,436
3661,1723742142,1598,2082,484
3662,1723736264,2082,2417,335
3663,1723735868,2417,2082,335
3664,1723734967,1909,2081,172
3665,1723734352,2081,1924,157
3666,1723734087,1952,2081,129
3667,1723732908,2081,1328,753
3668,1723729676,1916,2080,164
3669,1723727944,2151,2080,71
3670,1723726024,2116,2080,36
3671,1723724798,2104,2080,24
3672,1723724371,2079,1904,175
3673,1723719538,2079,2064,15
3674,1723717712,2153,2079,74
3675,1723716954,2079,2151,72
3676,1723716004,2174,2079,95
3677,1723711595,2079,2174,95
3678,1723711026,1897,2079,182
3679,1723709393,2079,1925,154
3680,1722503392,964,462,502
3681,1722490352,426,454,28
3682,1722440411,756,411,345
3683,1722439843,388,906,518
3684,1722439344,1116,237,879
3685,1722438672,74,1002,928
3686,1722434539,961,0,961
3687,1727099828,2092,1884,208
3688,1727098311,2092,1956,136
3689,1727097009,2092,1623,469
3690,1727087593,2092,1945,147
3691,1727085027,2091,1807,284
3692,1724683536,2091,1947,144
3693,1724683070,1913,2091,178
3694,1724682498,2091,1918,173
3695,1724681672,2091,1909,182
3696,1724681104,2091,1746,345
3697,1724679912,1743,2091,348
3698,1724679475,2091,1913,178
3699,1724678634,2090,1731,359
3700,1724677809,2090,1913,177
3701,1724677451,1852,2090,238
3702,1724676623,2089,1852,237
3703,1724675616,1738,2089,351
3704,1724668749,2032,2089,57
3705,1724667901,2088,1772,316
3706,1724666820,2088,1924,164
3707,1724665949,1924,2088,164
3708,1724665123,1712,2088,376
3709,1724664889,2088,1931,157
3710,1724664244,1930,2087,157
3711,1724663582,1930,2086,156
3712,1724662513,2086,1945,141
3713,1724661462,2252,2086,166
3714,1724660354,1929,2086,157
3715,1724656758,1945,2086,141
3716,1724656073,2086,2077,9
3717,1724654873,2086,2077,9
3718,1724652369,2086,2077,9
3719,1724648892,2076,2086,10
3720,1724647979,2086,2076,10
3721,1724647123,2076,2086,10
3722,1724646431,2086,1914,172
3723,1724584231,2116,2085,31
3724,1724580519,1378,2085,707
3725,1724507131,1904,2084,180
3726,1724506432,2083,1904,179
3727,1724506018,2083,1172,911
3728,1724505393,1833,2082,249
3729,1724505131,2082,1886,196
3730,1724503813,2081,1886,195
3731,1724502594,2081,1772,309
3732,1724501832,2171,2081,90
3733,1724501588,2081,1885,196
3734,1724499997,2081,1883,198
3735,1724499262,1882,2081,199
3736,1724498329,1965,2081,116
3737,1724497810,2080,1106,974
3738,1724497152,1972,2080,108
3739,1724496575,2291,2080,211
3740,1724495601,1772,2080,308
3741,1724494724,2339,2080,259
3742,1724493899,2079,2084,5
3743,1724493298,2079,2309,230
3744,1724492492,2079,2309,230
3745,1724476673,2078,1869,209
3746,1724476090,1870,2077,207
3747,1724475050,1867,2077,210
3748,1724474192,2116,2077,39
3749,1724428707,2014,2077,63
3750,1724072204,2077,1469,608
3751,1724071112,1933,2076,143
3752,1724070235,2076,2206,130
3753,1724069612,2205,2076,129
3754,1724062501,2075,1811,264
3755,1724061929,2205,2075,130
3756,1724061495,2075,2244,169
3757,1724060362,1867,2074,207
3758,1724059304,2205,2074,131
3759,1724058354,2159,2074,85
3760,1724057569,2259,2074,185
3761,1724056981,2255,2074,181
3762,1724056334,2073,2223,150
3763,1723897355,2073,972,1101
3764,1723897007,2073,1896,177
3765,1723896229,1875,2073,198
3766,1723895580,1719,2073,354
3767,1723895151,1719,2072,353
3768,1723894581,2071,1719,352
3769,1723892661,2071,2157,86
3770,1723891684,2071,2157,86
3771,1723889843,2018,2071,53
3772,1723889294,2070,1892,178
3773,1723887768,2070,2215,145
3774,1723887352,2069,1949,120
3775,1723886951,1765,2068,303
3776,1723886582,1902,2067,165
3777,1723820378,1832,2067,235
3778,1723720516,1804,2066,262
3779,1723719696,2065,1804,261
3780,1723719469,2065,1800,265
3781,1723719074,1866,2064,198
3782,1723718423,2064,1866,198
3783,1723717889,2064,1750,314
3784,1723717141,1721,2064,343
3785,1723716680,1940,2064,124
3786,1723716059,1940,2063,123
3787,1731054822,2019,1704,315
3788,1731054606,2017,1059,958
3789,1731054528,2012,1704,308
3790,1731054422,2010,0,2010
3791,1731054319,2005,1704,301
3792,1731053517,2000,1704,296
3793,1731053411,1704,1994,290
3794,1730970584,1543,1992,449
3795,1730970551,1991,1593,398
3796,1730970141,1737,1987,250
3797,1730969234,1737,1983,246
3798,1730968998,1981,267,1714
3799,1730968442,1980,226,1754
3800,1730968296,1977,437,1540
3801,1730967944,1974,0,1974
3802,1730966763,1737,1970,233
3803,1730966365,1967,1653,314
3804,1730965440,1960,2029,69
3805,1730965328,1846,1955,109
3806,1729262155,1948,1864,84
3807,1729158962,1750,1944,194
3808,1727445734,1938,1928,10
3809,1727442888,1937,1781,156
3810,1727359318,2081,1936,145
3811,1727358674,1936,2081,145
3812,1727357973,1936,2255,319
3813,1727357168,1930,1936,6
3814,1727356592,2045,1927,118
3815,1727356053,1926,2045,119
3816,1727354911,1925,1732,193
3817,1727353928,2358,1925,433
3818,1727352871,1899,1924,25
3819,1727351899,1812,1924,112
3820,1727111751,2173,1924,249
3821,1726991302,1920,1846,74
3822,1726945344,1919,1823,96
3823,1726944678,1912,1919,7
3824,1726943853,1669,1919,250
3825,1726942853,1914,1912,2
3826,1726942375,1914,1908,6
3827,1726923087,1919,1903,16
3828,1726901078,1894,1885,9
3829,1726899986,1892,1877,15
3830,1726835874,1891,1904,13
3831,1726835561,1891,1904,13
3832,1726834523,2358,1891,467
3833,1726166708,1880,1986,106
3834,1726165624,1879,1772,107
3835,1726164656,1879,2179,300
3836,1726164521,1878,1854,24
3837,1726164454,1877,1854,23
3838,1726044311,1854,1876,22
3839,1726043314,1854,1874,20
3840,1726042773,1854,1873,19
3841,1725539938,1873,2148,275
3842,1725371074,1999,1872,127
3843,1725370724,1841,1871,30
3844,1725370527,1871,2184,313
3845,1725370102,1871,2180,309
3846,1725369785,1871,2176,305
3847,1725369072,1836,1870,34
3848,1725368926,1870,1830,40
3849,1725368661,1870,1830,40
3850,1725368145,1870,1830,40
3851,1725367099,1787,1868,81
3852,1725366781,1859,1868,9
3853,1725366591,1868,1857,11
3854,1725279147,1800,1867,67
3855,1725278561,2295,1867,428
3856,1725278031,1866,2035,169
3857,1724852723,1995,1864,131
3858,1724852360,1864,1995,131
3859,1724850862,1863,1995,132
3860,1724679305,1863,1802,61
3861,1724678964,1873,1862,11
3862,1724678713,1862,1857,5
3863,1724678009,1873,1860,13
3864,1724677455,2074,1860,214
3865,1724676809,1860,1857,3
3866,1724675383,1859,1857,2
3867,1724674544,1859,1797,62
3868,1724673705,1940,1855,85
3869,1724595139,2047,1855,192
3870,1724593449,1841,2131,290
3871,1724419380,1876,1839,37
3872,1724419026,2023,1839,184
3873,1724417833,1952,1836,116
3874,1724417486,1984,1834,150
3875,1724417445,1834,1984,150
3876,1724417146,1834,1969,135
3877,1724311461,1805,1833,28
3878,1724227339,2012,1833,179
3879,1724226761,1823,1520,303
3880,1724226363,1718,1817,99
3881,1724160923,1815,1822,7
3882,1724160106,1844,1815,29
3883,1724158940,1822,1805,17
3884,1724158411,1822,1803,19
3885,1724157212,1772,1802,30
3886,1724156866,1802,2079,277
3887,1731230637,2077,1894,183
3888,1731230276,2076,1462,614
3889,1731230045,2074,0,2074
3890,1731229152,2070,1849,221
3891,1731228348,1849,2066,217
3892,1731227900,1609,2063,454
3893,1731227655,2061,0,2061
3894,1731227319,2059,1545,514
3895,1731226848,2056,1792,264
3896,1731142821,2055,650,1405
3897,1731141666,1710,2052,342
3898,1731141151,2049,1750,299
3899,1731140321,1710,2047,337
3900,1731139526,1549,2045,496
3901,1731138636,1848,2042,194
3902,1731137918,1710,2039,329
3903,1731137558,1848,2036,188
3904,1731137478,0,2034,2034
3905,1731136745,2030,1848,182
3906,1731136191,2027,1848,179
3907,1731135934,2026,437,1589
3908,1731135283,1002,2024,1022
3909,1730621228,1642,2022,380
3910,1730620890,0,2019,2019
3911,1730620606,1355,2014,659
3912,1730620155,1543,2012,469
3913,1730619790,1562,2010,448
3914,1730618768,401,2007,1606
3915,1730617744,2005,1342,663
3916,1730021567,1925,1998,73
3917,1730020579,1992,1855,137
3918,1730019902,1989,1855,134
3919,1730019242,1855,1988,133
3920,1730018280,1987,1855,132
3921,1730017285,1985,1788,197
3922,1730016680,1985,1788,197
3923,1730015873,1983,2022,39
3924,1730014994,1701,1982,281
3925,1729760216,1980,1567,413
3926,1729759587,1567,1979,412
3927,1729759311,1934,1979,45
3928,1729758900,0,1977,1977
3929,1729758069,1975,1704,271
3930,1729757353,1811,1973,162
3931,1729756368,1811,1972,161
3932,1729756140,971,1970,999
3933,1729755607,1968,971,997
3934,1729755281,1967,1695,272
3935,1729754423,1965,1695,270
3936,1729754160,1068,1963,895
3937,1729753677,1963,1912,51
3938,1729753284,1954,1912,42
3939,1729753003,1952,1443,509
3940,1729155979,1948,1786,162
3941,1727446371,1940,1304,636
3942,1727199917,1925,1932,7
3943,1727110238,1926,1923,3
3944,1724591610,1917,1843,74
3945,1724315624,2162,1915,247
3946,1724315109,1913,2080,167
3947,1724314316,2080,1911,169
3948,1724313905,2079,1911,168
3949,1724313638,1909,2079,170
3950,1724313167,2079,1909,170
3951,1724312701,1909,2079,170
3952,1724311848,2128,1909,219
3953,1723624672,1902,1902,0
3954,1723624254,1895,1902,7
3955,1723623588,1887,1902,15
3956,1723622612,1879,1902,23
3957,1723622133,2040,1865,175
3958,1723539525,1064,1859,795
3959,1723539151,1970,1857,113
3960,1723538692,1854,1970,116
3961,1723482553,1852,1845,7
3962,1723481680,1852,2146,294
3963,1723481225,2144,1852,292
3964,1723479064,1850,1891,41
3965,1723458788,1850,2272,422
3966,1723458307,2031,1850,181
3967,1723457921,2272,1850,422
3968,1723454728,1847,1902,55
3969,1723454055,2027,1847,180
3970,1723375406,2151,1845,306
3971,1723375112,2151,1845,306
3972,1723374087,1842,2151,309
3973,1723373877,2150,1842,308
3974,1723372726,1929,1840,89
3975,1723282188,1939,1837,102
3976,1723281528,1837,1935,98
3977,1723281184,1837,1978,141
3978,1723280666,1938,1835,103
3979,1723280186,1835,1890,55
3980,1723278845,1916,1832,84
3981,1723278655,1832,2113,281
3982,1723278485,1832,2113,281
3983,1723277479,1830,1935,105
3984,1723277142,1815,1830,15
3985,1723275928,1827,1935,108
3986,1723275402,1827,1934,107
3987,1730964529,2018,1706,312
3988,1730624332,1642,2016,374
3989,1730623618,2011,924,1087
3990,1730622696,1891,2006,115
3991,1730621977,2004,1891,113
3992,1730537162,2003,1881,122
3993,1730536726,2001,1295,706
3994,1730536422,1953,2001,48
3995,1730535928,1993,1953,40
3996,1730535342,1986,1869,117
3997,1730534512,901,1985,1084
3998,1730534133,1826,1979,153
3999,1730533448,1789,1975,186
4000,1730533102,522,1973,1451
4001,1730532572,480,1972,1492
4002,1730531871,2425,1972,453
4003,1729157519,1964,1797,167
4004,1729157162,1961,1151,810
4005,1728719030,2277,1946,331
4006,1728715390,1990,1933,57
4007,1728633564,0,1930,1930
4008,1728044642,1923,1945,22
4009,1728043541,1922,2459,537
4010,1728042907,819,1920,1101
4011,1727950999,1914,0,1914
4012,1727601349,2373,1906,467
4013,1727600518,1904,1886,18
4014,1727599979,1904,2373,469
4015,1727599792,1902,1850,52
4016,1727599111,1850,1900,50
4017,1727598796,1849,1900,51
4018,1727598443,1899,1849,50
4019,1727597695,1899,2373,474
4020,1727596903,1897,1813,84
4021,1727596454,1895,1817,78
4022,1727595905,1893,1992,99
4023,1727594572,1891,1861,30
4024,1727514694,1891,2132,241
4025,1727513855,1891,2132,241
4026,1727513485,1891,2132,241
4027,1727512272,1782,1889,107
4028,1727510707,1885,1887,2
4029,1727509856,1887,1977,90
4030,1727509197,1885,1855,30
4031,1727508308,1976,1885,91
4032,1727507922,1883,1976,93
4033,1727448193,2198,1883,315
4034,1727447399,2198,1883,315
4035,1727421487,1875,1830,45
4036,1727419189,1868,1441,427
4037,1727361159,1960,1864,96
4038,1727360907,2081,1864,217
4039,1726837163,1345,1855,510
4040,1726762428,1846,1759,87
4041,1726760985,1836,1871,35
4042,1726733757,1844,1825,19
4043,1726732156,1819,1575,244
4044,1726678606,1863,1814,49
4045,1726677498,1812,1863,51
4046,1726676396,1809,1874,65
4047,1726650899,1772,1807,35
4048,1726649152,1804,1656,148
4049,1726648906,1802,1750,52
4050,1726648014,1799,1649,150
4051,1726646890,1769,1799,30
4052,1726646233,1799,2005,206
4053,1726246452,2298,1799,499
4054,1725280816,1796,1743,53
4055,1725280199,1796,2295,499
4056,1724941888,2478,1796,682
4057,1724941595,2478,1796,682
4058,1724940922,1903,1794,109
4059,1724940434,1794,2010,216
4060,1724939456,1747,1791,44
4061,1724939052,1791,2005,214
4062,1724938941,1791,2003,212
4063,1724938204,1718,1791,73
4064,1724850170,2296,1786,510
4065,1724849310,2296,1777,519
4066,1724848237,1776,1768,8
4067,1724847263,1759,1836,77
4068,1724682315,1756,1946,190
4069,1724681738,1756,1982,226
4070,1724681104,2091,1746,345
4071,1724679912,1743,2091,348
4072,1724608323,1740,1912,172
4073,1724607532,1908,1740,168
4074,1724607000,2375,1740,635
4075,1724235379,1740,1187,553
4076,1724234975,1730,1178,552
4077,1724234394,1725,1939,214
4078,1724233973,680,1725,1045
4079,1724232177,1720,1806,86
4080,1724231941,1794,1720,74
4081,1724231257,1708,789,919
4082,1724091660,1937,1687,250
4083,1724091134,1683,2116,433
4084,1724090153,1871,1660,211
4085,1724089388,1937,1645,292
4086,1724089293,1843,1645,198
4087,1723873222,1270,254,1016
4088,1723495453,1605,79,1526
4089,1723486660,1127,0,1127
4090,1728118419,2078,2146,68
4091,1728117252,2137,2078,59
4092,1728116168,2130,2078,52
4093,1728112967,1999,2073,74
4094,1728111441,2042,2065,23
4095,1728102042,2407,2052,355
4096,1728101357,1890,2046,156
4097,1728100855,1890,2040,150
4098,1728099874,2036,1890,146
4099,1728098775,2038,2035,3
4100,1728097883,2348,2035,313
4101,1728096938,2346,2035,311
4102,1728096092,2035,2450,415
4103,1726167832,1835,2029,194
4104,1726166888,2023,1897,126
4105,1726133447,2297,2009,288
4106,1726132905,2001,2297,296
4107,1726132860,2000,1873,127
4108,1726131145,1896,1999,103
4109,1726130813,1998,1765,233
4110,1726130414,1872,1998,126
4111,1726128999,1926,1998,72
4112,1726128719,1780,1992,212
4113,1726126799,1983,1997,14
4114,1726125741,1792,1978,186
4115,1726121596,1901,1975,74
4116,1726120976,1974,1648,326
4117,1726120135,2070,1974,96
4118,1726119558,1840,1968,128
4119,1726118705,1622,1962,340
4120,1726037758,1956,1900,56
4121,1726036163,2070,1944,126
4122,1726030158,1936,1557,379
4123,1726027945,1934,1555,379
4124,1726026394,2140,1933,207
4125,1726025959,2140,1932,208
4126,1726025204,1854,1932,78
4127,1726023455,1802,1932,130
4128,1725950029,1930,1855,75
4129,1725948374,1889,1930,41
4130,1725947249,1938,1929,9
4131,1725946615,1929,2038,109
4132,1725946330,1928,1778,150
4133,1725945299,506,1926,1420
4134,1725944513,1926,2340,414
4135,1725943040,2336,1926,410
4136,1725941454,1925,1772,153
4137,1725940484,1894,1925,31
4138,1725939655,2321,1925,396
4139,1725939158,2318,1925,393
4140,1725938996,2314,1925,389
4141,1725938550,1919,1735,184
4142,1725936459,1986,1909,77
4143,1725936061,1811,1903,92
4144,1725935358,1811,1898,87
4145,1725934272,1897,2131,234
4146,1725933200,1835,1897,62
4147,1724568195,1935,1888,47
4148,1724566101,1943,1878,65
4149,1724564922,1870,1945,75
4150,1724562524,1869,1943,74
4151,1724019204,2273,1869,404
4152,1724018878,1869,2178,309
4153,1724018534,1869,1958,89
4154,1724017682,2016,1867,149
4155,1724017417,2178,1867,311
4156,1724016483,2022,1865,157
4157,1724016011,1865,1956,91
4158,1724015179,2230,1865,365
4159,1724010294,1773,1855,82
4160,1724009846,1773,1849,76
4161,1724009220,1351,1847,496
4162,1724008645,1791,1847,56
4163,1724007875,1843,1981,138
4164,1723966160,1841,1939,98
4165,1723964703,1840,1939,99
4166,1723964286,1838,1748,90
4167,1723959524,1838,2230,392
4168,1723958259,2230,1838,392
4169,1723956943,2116,1838,278
4170,1723956567,2116,1838,278
4171,1723929282,1836,2012,176
4172,1723928768,1862,1834,28
4173,1723927973,1905,1832,73
4174,1723927295,1832,1038,794
4175,1723925119,1912,1830,82
4176,1723924955,1970,1830,140
4177,1723924694,1830,1898,68
4178,1723924101,1828,1897,69
4179,1723923811,1938,1828,110
4180,1723923389,1899,1828,71
4181,1723922584,1964,1828,136
4182,1723922228,1859,1819,40
4183,1723921576,1810,1859,49
4184,1723921143,2078,1808,270
4185,1723920013,1808,2259,451
4186,1723885507,2040,1808,232
4187,1723885019,1745,1796,51
4188,1723884381,1789,1903,114
4189,1723883680,2162,1789,373
4190,1731606994,2055,1669,386
4191,1731605892,2055,2082,27
4192,1731605157,2045,2082,37
4193,1731604528,2040,2046,6
4194,1731575128,2083,2029,54
4195,1731575010,2028,107,1921
4196,1731574775,43,2026,1983
4197,1731574271,1673,2025,352
4198,1731573897,1673,2025,352
4199,1731572961,2025,1673,352
4200,1731572121,2025,1200,825
4201,1731571823,2025,1200,825
4202,1731570691,2025,2532,507
4203,1731569833,2024,1976,48
4204,1731569228,2024,1976,48
4205,1731568226,2024,391,1633
4206,1731567699,364,2024,1660
4207,1731566729,2082,2024,58
4208,1731566330,1923,2024,101
4209,1731565830,2024,541,1483
4210,1731565538,534,2024,1490
4211,1731564956,83,2024,1941
4212,1731564618,2024,216,1808
4213,1731398054,2024,1965,59
4214,1731314754,2024,1804,220
4215,1731313702,2020,1810,210
4216,1731312699,2020,1337,683
4217,1731312661,787,2020,1233
4218,1731312131,2020,1483,537
4219,1731310988,1827,2020,193
4220,1731310243,1337,2019,682
4221,1731309522,1822,2019,197
4222,1731308583,2019,1516,503
4223,1731307472,1480,2019,539
4224,1731306925,2019,1606,413
4225,1731306027,2019,1480,539
4226,1731305484,1784,2019,235
4227,1731299517,1480,2019,539
4228,1731299162,2019,1481,538
4229,1731299122,1921,2018,97
4230,1731298417,1245,2018,773
4231,1731297428,2018,49,1969
4232,1731297323,2018,1921,97
4233,1731296326,1582,2018,436
4234,1731295808,2018,1318,700
4235,1731295420,2017,1318,699
4236,1731294810,2017,2430,413
4237,1731294382,1538,2017,479
4238,1731293140,1792,2017,225
4239,1731292829,1318,2017,699
4240,1731292682,2017,0,2017
4241,1731291659,1345,2017,672
4242,1731290805,2017,1234,783
4243,1731290344,2017,1817,200
4244,1731289902,2016,1397,619
4245,1731289579,801,2015,1214
4246,1731288674,1682,2014,332
4247,1731288157,2014,1682,332
4248,1731287065,2046,2014,32
4249,1731286768,2014,1404,610
4250,1731285881,2013,1752,261
4251,1731285384,308,2013,1705
4252,1731284871,2013,1345,668
4253,1731240541,2013,2125,112
4254,1731239623,2458,2013,445
4255,1731237058,1190,2013,823
4256,1731236638,2013,1190,823
4257,1731236297,2012,1190,822
4258,1731235810,2012,1190,822
4259,1731235351,2012,1190,822
4260,1731234765,2012,1158,854
4261,1731233593,2012,1852,160
4262,1731231368,2004,2003,1
4263,1731231253,2001,1777,224
4264,1731229858,2001,2448,447
4265,1731228878,2000,1976,24
4266,1731227597,1833,2000,167
4267,1731226657,2000,1833,167
4268,1731220896,2000,1624,376
4269,1731220301,1759,2000,241
4270,1731219401,1999,1759,240
4271,1731218804,1999,1307,692
4272,1731218195,1999,1614,385
4273,1731217755,916,1999,1083
4274,1731217485,1998,914,1084
4275,1731216473,1695,1998,303
4276,1731215523,1695,1998,303
4277,1731214718,1695,1997,302
4278,1731214404,1189,1997,808
4279,1731156530,1997,1976,21
4280,1731155743,1997,1985,12
4281,1731074316,338,1997,1659
4282,1731073615,1997,1729,268
4283,1731072599,2268,1996,272
4284,1731071736,1971,1996,25
4285,1731068981,2007,1996,11
4286,1731067983,1839,1996,157
4287,1731067191,1996,1653,343
4288,1731066713,0,1996,1996
4289,1731065655,1996,2007,11
4290,1731554042,2050,1606,444
4291,1731553748,713,2049,1336
4292,1731552757,2047,2305,258
4293,1731551512,2046,1613,433
4294,1731551269,2045,1613,432
4295,1731550869,2043,1613,430
4296,1731470068,2043,1958,85
4297,1731469334,826,2042,1216
4298,1731469282,824,2041,1217
4299,1731468726,509,2039,1530
4300,1731467184,2038,1309,729
4301,1731466422,2037,1752,285
4302,1729664687,2037,2182,145
4303,1728811540,2035,1994,41
4304,1728810533,2035,2243,208
4305,1728807161,2034,1801,233
4306,1727765482,2032,1754,278
4307,1727764730,2032,2134,102
4308,1727764037,2031,1870,161
4309,1727763535,2029,2222,193
4310,1727762158,2029,2311,282
4311,1727761216,2028,2111,83
4312,1727760076,2107,2028,79
4313,1727759444,2222,2028,194
4314,1727510838,2028,2027,1
4315,1727510000,2093,2026,67
4316,1727509342,2026,2026,0
4317,1727508566,2024,2026,2
4318,1727507660,2024,2093,69
4319,1727506806,2023,1871,152
4320,1727505481,2021,2093,72
4321,1727504623,2021,2093,72
4322,1727340643,2020,2000,20
4323,1727339744,1784,2020,236
4324,1727339093,1780,2018,238
4325,1727337937,2016,2222,206
4326,1727337030,1916,2014,98
4327,1727336238,2013,1916,97
4328,1727335140,2013,2139,126
4329,1727334551,2013,2132,119
4330,1727333979,2013,1972,41
4331,1727167954,1936,2011,75
4332,1727167503,2009,1936,73
4333,1727166250,1868,2007,139
4334,1727165867,2339,2007,332
4335,1727164873,2005,1944,61
4336,1727163779,1868,2003,135
4337,1727163023,1944,2001,57
4338,1727162499,1999,2132,133
4339,1727161630,1997,1944,53
4340,1727083436,1997,1931,66
4341,1727081535,1749,1997,248
4342,1727081041,1744,1995,251
4343,1727080147,1771,1993,222
4344,1727079402,1771,1991,220
4345,1727079323,1989,1771,218
4346,1726999016,2070,1987,83
4347,1726997680,2070,1985,85
4348,1726996736,1983,2259,276
4349,1726996509,2254,1983,271
4350,1726995568,2302,1983,319
4351,1726994307,2300,1983,317
4352,1726993902,2244,1983,261
4353,1726993318,1983,2065,82
4354,1726992587,2292,1983,309
4355,1726992047,1983,2288,305
4356,1726990359,1983,2279,296
4357,1726897983,1956,1983,27
4358,1726897207,1953,1983,30
4359,1726896320,1975,1933,42
4360,1726895633,2155,1969,186
4361,1726895177,1966,2155,189
4362,1726824454,1966,1894,72
4363,1726821750,1959,1916,43
4364,1726819744,1952,1916,36
4365,1726818902,1916,1945,29
4366,1726808557,1937,1950,13
4367,1726807151,1929,1950,21
4368,1726643785,1924,1817,107
4369,1726642144,1628,1920,292
4370,1726641310,1828,1918,90
4371,1726640518,1915,1089,826
4372,1726640006,1089,1912,823
4373,1726056640,1912,2310,398
4374,1726055774,1742,1907,165
4375,1726055105,2310,1902,408
4376,1726054627,1902,2310,408
4377,1726053562,1902,797,1105
4378,1725949516,1896,1855,41
4379,1725948374,1889,1930,41
4380,1725947787,1889,2346,457
4381,1725946531,1900,1881,19
4382,1725946059,1878,2346,468
4383,1725945658,1866,2346,480
4384,1725944732,1900,1858,42
4385,1725943595,1854,1772,82
4386,1725873637,2310,1854,456
4387,1725873213,1841,1890,49
4388,1725872466,2310,1832,478
4389,1725872119,1829,1859,30
4390,1731560757,1842,1176,666
4391,1731559900,1492,1832,340
4392,1731558996,1923,1816,107
4393,1731558248,1400,1808,408
4394,1731557408,2231,1801,430
4395,1731557138,1795,1157,638
4396,1731556794,1789,18,1771
4397,1731556336,1778,972,806
4398,1731556136,955,1766,811
4399,1731555663,1764,886,878
4400,1731554903,1606,1753,147
4401,1731554510,1743,583,1160
4402,1731477289,1728,1660,68
4403,1731476887,1536,1707,171
4404,1731476216,1194,1700,506
4405,1731476194,1827,1681,146
4406,1731474798,1681,2600,919
4407,1731473715,1705,1678,27
4408,1731472300,1678,2286,608
4409,1731471645,2286,1675,611
4410,1731464817,1672,53,1619
4411,1731464577,1462,1672,210
4412,1729664297,1665,814,851
4413,1729663093,1650,1461,189
4414,1729662612,187,1640,1453
4415,1729661788,141,1631,1490
4416,1729661458,1621,88,1533
4417,1729660988,1610,27,1583
4418,1729660217,1594,1461,133
4419,1729659783,1584,331,1253
4420,1729659358,1580,832,748
4421,1729659076,281,1568,1287
4422,1729613159,1536,2001,465
4423,1729612124,1536,1953,417
4424,1729611097,1935,1488,447
4425,1729610333,1437,1935,498
4426,1729608882,1738,1391,347
4427,1728916252,1339,1354,15
4428,1728915938,1822,1278,544
4429,1728806164,1251,2407,1156
4430,1728804729,1234,1952,718
4431,1728803691,1154,1952,798
4432,1728803480,1119,830,289
4433,1728802324,1814,1030,784
4434,1728802060,978,1255,277
4435,1728801837,911,1304,393
4436,1728801629,823,1514,691
4437,1728800937,707,1468,761
4438,1728799827,1924,660,1264
4439,1728799287,1824,518,1306
4440,1728798965,431,0,431
4441,1728798073,1843,279,1564
4442,1728797915,145,708,563
4443,1728796993,2407,64,2343
4444,1728794960,2061,0,2061
4445,1731488230,2035,1283,752
4446,1731487390,2034,1283,751
4447,1731463709,2034,1252,782
4448,1731462979,1462,2033,571
4449,1731462130,1409,2033,624
4450,1731462072,1409,2032,623
4451,1731461436,2031,1409,622
4452,1731461166,1797,2027,230
4453,1731460347,2024,1754,270
4454,1731459566,1666,2022,356
4455,1731459159,1512,2021,509
4456,1731458883,1512,2020,508
4457,1731458492,2018,0,2018
4458,1731458006,2018,1034,984
4459,1731457942,1666,2015,349
4460,1731457623,2015,913,1102
4461,1731457205,1525,2014,489
4462,1731456978,2013,1525,488
4463,1731453353,2077,2000,77
4464,1731452892,1453,2000,547
4465,1731452556,1998,70,1928
4466,1731452117,0,1996,1996
4467,1731451711,1996,1541,455
4468,1731451400,1541,1996,455
4469,1731450953,1996,2030,34
4470,1731450571,1996,2030,34
4471,1731450116,1996,1556,440
4472,1731449700,1556,1996,440
4473,1731449676,1996,1479,517
4474,1731448136,1996,1157,839
4475,1731447548,1996,1752,244
4476,1731446739,947,1996,1049
4477,1731445981,1996,1717,279
4478,1731445235,1996,1717,279
4479,1731444743,1996,1542,454
4480,1731443623,1996,1736,260
4481,1731443291,1996,1498,498
4482,1731442781,1996,329,1667
4483,1731442349,1996,2019,23
4484,1731441817,1996,620,1376
4485,1731441307,1996,611,1385
4486,1731440614,1996,1852,144
4487,1731439786,1830,1996,166
4488,1731439479,1534,1996,462
4489,1731439265,1996,1534,462
4490,1731402478,1996,1632,364
4491,1731399645,832,1996,1164
4492,1731399251,1996,2005,9
4493,1731398857,1482,1996,514
4494,1731164851,1996,0,1996
4495,1731164110,1996,1735,261
4496,1731162960,1996,1976,20
4497,1731162052,1980,1996,16
4498,1731094987,1996,2128,132
4499,1728320909,1996,1939,57
4500,1728285965,1996,1576,420
4501,1728231030,1881,1996,115
4502,1728227646,1993,1996,3
4503,1728224940,1996,2168,172
4504,1728222748,1831,1996,165
4505,1728221752,2006,1996,10
4506,1728221506,1996,2006,10
4507,1728220844,1992,1996,4
4508,1728219792,1996,1772,224
4509,1728215547,1996,1844,152
4510,1728214944,1996,1967,29
4511,1728199917,1996,2407,411
4512,1728199475,1996,1974,22
4513,1728148284,1853,1996,143
4514,1728147426,1996,1936,60
4515,1728146477,1788,1996,208
4516,1728145174,1859,1996,137
4517,1728144361,1992,1996,4
4518,1728144019,1992,1996,4
4519,1728121047,1999,1996,3
4520,1728120081,1879,1996,117
4521,1728118834,1879,1996,117
4522,1728118425,2477,1996,481
4523,1728117688,1807,1996,189
4524,1728116134,1902,1996,94
4525,1728007515,1996,2204,208
4526,1727963807,2200,1996,204
4527,1727963408,1758,1996,238
4528,1727962389,1996,1665,331
4529,1727961194,1996,1999,3
4530,1727960809,1999,1996,3
4531,1727959553,1660,1996,336
4532,1727958560,1996,1767,229
4533,1727957468,1375,1996,621
4534,1727957263,1996,1881,115
4535,1727956650,1996,1757,239
4536,1727955914,1996,1891,105
4537,1727955148,1996,1966,30
4538,1727950010,1754,1996,242
4539,1727949361,1996,1776,220
4540,1727948944,1996,1979,17
4541,1727947863,1999,1996,3
4542,1727947115,1996,1753,243
4543,1727946802,1996,1753,243
4544,1727946005,1996,1200,796
4545,1723669863,0,887,887
4546,1731054822,2019,1704,315
4547,1731054606,2017,1059,958
4548,1731054528,2012,1704,308
4549,1731054422,2010,0,2010
4550,1731054319,2005,1704,301
4551,1731053517,2000,1704,296
4552,1731053411,1704,1994,290
4553,1730970584,1543,1992,449
4554,1730970551,1991,1593,398
4555,1730970141,1737,1987,250
4556,1730969234,1737,1983,246
4557,1730968998,1981,267,1714
4558,1730968442,1980,226,1754
4559,1730968296,1977,437,1540
4560,1730967944,1974,0,1974
4561,1730966763,1737,1970,233
4562,1730966365,1967,1653,314
4563,1730965440,1960,2029,69
4564,1730965328,1846,1955,109
4565,1729262155,1948,1864,84
4566,1729158962,1750,1944,194
4567,1727445734,1938,1928,10
4568,1727442888,1937,1781,156
4569,1727359318,2081,1936,145
4570,1727358674,1936,2081,145
4571,1727357973,1936,2255,319
4572,1727357168,1930,1936,6
4573,1727356592,2045,1927,118
4574,1727356053,1926,2045,119
4575,1727354911,1925,1732,193
4576,1727353928,2358,1925,433
4577,1727352871,1899,1924,25
4578,1727351899,1812,1924,112
4579,1727111751,2173,1924,249
4580,1726991302,1920,1846,74
4581,1726945344,1919,1823,96
4582,1726944678,1912,1919,7
4583,1726943853,1669,1919,250
4584,1726942853,1914,1912,2
4585,1726942375,1914,1908,6
4586,1726923087,1919,1903,16
4587,1726901078,1894,1885,9
4588,1726899986,1892,1877,15
4589,1726835874,1891,1904,13
4590,1726835561,1891,1904,13
4591,1726834523,2358,1891,467
4592,1726166708,1880,1986,106
4593,1726165624,1879,1772,107
4594,1726164656,1879,2179,300
4595,1726164521,1878,1854,24
4596,1726164454,1877,1854,23
4597,1726044311,1854,1876,22
4598,1726043314,1854,1874,20
4599,1726042773,1854,1873,19
4600,1725539938,1873,2148,275
4601,1725371074,1999,1872,127
4602,1725370724,1841,1871,30
4603,1725370527,1871,2184,313
4604,1725370102,1871,2180,309
4605,1725369785,1871,2176,305
4606,1725369072,1836,1870,34
4607,1725368926,1870,1830,40
4608,1725368661,1870,1830,40
4609,1725368145,1870,1830,40
4610,1725367099,1787,1868,81
4611,1725366781,1859,1868,9
4612,1725366591,1868,1857,11
4613,1725279147,1800,1867,67
4614,1725278561,2295,1867,428
4615,1725278031,1866,2035,169
4616,1724852723,1995,1864,131
4617,1724852360,1864,1995,131
4618,1724850862,1863,1995,132
4619,1724679305,1863,1802,61
4620,1724678964,1873,1862,11
4621,1724678713,1862,1857,5
4622,1724678009,1873,1860,13
4623,1724677455,2074,1860,214
4624,1724676809,1860,1857,3
4625,1724675383,1859,1857,2
4626,1724674544,1859,1797,62
4627,1724673705,1940,1855,85
4628,1724595139,2047,1855,192
4629,1724593449,1841,2131,290
4630,1724419380,1876,1839,37
4631,1724419026,2023,1839,184
4632,1724417833,1952,1836,116
4633,1724417486,1984,1834,150
4634,1724417445,1834,1984,150
4635,1724417146,1834,1969,135
4636,1724311461,1805,1833,28
4637,1724227339,2012,1833,179
4638,1724226761,1823,1520,303
4639,1724226363,1718,1817,99
4640,1724160923,1815,1822,7
4641,1724160106,1844,1815,29
4642,1724158940,1822,1805,17
4643,1724158411,1822,1803,19
4644,1724157212,1772,1802,30
4645,1724156866,1802,2079,277
4646,1731230637,2077,1894,183
4647,1731230276,2076,1462,614
4648,1731230045,2074,0,2074
4649,1731229152,2070,1849,221
4650,1731228348,1849,2066,217
4651,1731227900,1609,2063,454
4652,1731227655,2061,0,2061
4653,1731227319,2059,1545,514
4654,1731226848,2056,1792,264
4655,1731142821,2055,650,1405
4656,1731141666,1710,2052,342
4657,1731141151,2049,1750,299
4658,1731140321,1710,2047,337
4659,1731139526,1549,2045,496
4660,1731138636,1848,2042,194
4661,1731137918,1710,2039,329
4662,1731137558,1848,2036,188
4663,1731137478,0,2034,2034
4664,1731136745,2030,1848,182
4665,1731136191,2027,1848,179
4666,1731135934,2026,437,1589
4667,1731135283,1002,2024,1022
4668,1730621228,1642,2022,380
4669,1730620890,0,2019,2019
4670,1730620606,1355,2014,659
4671,1730620155,1543,2012,469
4672,1730619790,1562,2010,448
4673,1730618768,401,2007,1606
4674,1730617744,2005,1342,663
4675,1730021567,1925,1998,73
4676,1730020579,1992,1855,137
4677,1730019902,1989,1855,134
4678,1730019242,1855,1988,133
4679,1730018280,1987,1855,132
4680,1730017285,1985,1788,197
4681,1730016680,1985,1788,197
4682,1730015873,1983,2022,39
4683,1730014994,1701,1982,281
4684,1729760216,1980,1567,413
4685,1729759587,1567,1979,412
4686,1729759311,1934,1979,45
4687,1729758900,0,1977,1977
4688,1729758069,1975,1704,271
4689,1729757353,1811,1973,162
4690,1729756368,1811,1972,161
4691,1729756140,971,1970,999
4692,1729755607,1968,971,997
4693,1729755281,1967,1695,272
4694,1729754423,1965,1695,270
4695,1729754160,1068,1963,895
4696,1729753677,1963,1912,51
4697,1729753284,1954,1912,42
4698,1729753003,1952,1443,509
4699,1729155979,1948,1786,162
4700,1727446371,1940,1304,636
4701,1727199917,1925,1932,7
4702,1727110238,1926,1923,3
4703,1724591610,1917,1843,74
4704,1724315624,2162,1915,247
4705,1724315109,1913,2080,167
4706,1724314316,2080,1911,169
4707,1724313905,2079,1911,168
4708,1724313638,1909,2079,170
4709,1724313167,2079,1909,170
4710,1724312701,1909,2079,170
4711,1724311848,2128,1909,219
4712,1723624672,1902,1902,0
4713,1723624254,1895,1902,7
4714,1723623588,1887,1902,15
4715,1723622612,1879,1902,23
4716,1723622133,2040,1865,175
4717,1723539525,1064,1859,795
4718,1723539151,1970,1857,113
4719,1723538692,1854,1970,116
4720,1723482553,1852,1845,7
4721,1723481680,1852,2146,294
4722,1723481225,2144,1852,292
4723,1723479064,1850,1891,41
4724,1723458788,1850,2272,422
4725,1723458307,2031,1850,181
4726,1723457921,2272,1850,422
4727,1723454728,1847,1902,55
4728,1723454055,2027,1847,180
4729,1723375406,2151,1845,306
4730,1723375112,2151,1845,306
4731,1723374087,1842,2151,309
4732,1723373877,2150,1842,308
4733,1723372726,1929,1840,89
4734,1723282188,1939,1837,102
4735,1723281528,1837,1935,98
4736,1723281184,1837,1978,141
4737,1723280666,1938,1835,103
4738,1723280186,1835,1890,55
4739,1723278845,1916,1832,84
4740,1723278655,1832,2113,281
4741,1723278485,1832,2113,281
4742,1723277479,1830,1935,105
4743,1723277142,1815,1830,15
4744,1723275928,1827,1935,108
4745,1723275402,1827,1934,107
4746,1730964529,2018,1706,312
4747,1730624332,1642,2016,374
4748,1730623618,2011,924,1087
4749,1730622696,1891,2006,115
4750,1730621977,2004,1891,113
4751,1730537162,2003,1881,122
4752,1730536726,2001,1295,706
4753,1730536422,1953,2001,48
4754,1730535928,1993,1953,40
4755,1730535342,1986,1869,117
4756,1730534512,901,1985,1084
4757,1730534133,1826,1979,153
4758,1730533448,1789,1975,186
4759,1730533102,522,1973,1451
4760,1730532572,480,1972,1492
4761,1730531871,2425,1972,453
4762,1729157519,1964,1797,167
4763,1729157162,1961,1151,810
4764,1728719030,2277,1946,331
4765,1728715390,1990,1933,57
4766,1728633564,0,1930,1930
4767,1728044642,1923,1945,22
4768,1728043541,1922,2459,537
4769,1728042907,819,1920,1101
4770,1727950999,1914,0,1914
4771,1727601349,2373,1906,467
4772,1727600518,1904,1886,18
4773,1727599979,1904,2373,469
4774,1727599792,1902,1850,52
4775,1727599111,1850,1900,50
4776,1727598796,1849,1900,51
4777,1727598443,1899,1849,50
4778,1727597695,1899,2373,474
4779,1727596903,1897,1813,84
4780,1727596454,1895,1817,78
4781,1727595905,1893,1992,99
4782,1727594572,1891,1861,30
4783,1727514694,1891,2132,241
4784,1727513855,1891,2132,241
4785,1727513485,1891,2132,241
4786,1727512272,1782,1889,107
4787,1727510707,1885,1887,2
4788,1727509856,1887,1977,90
4789,1727509197,1885,1855,30
4790,1727508308,1976,1885,91
4791,1727507922,1883,1976,93
4792,1727448193,2198,1883,315
4793,1727447399,2198,1883,315
4794,1727421487,1875,1830,45
4795,1727419189,1868,1441,427
4796,1727361159,1960,1864,96
4797,1727360907,2081,1864,217
4798,1726837163,1345,1855,510
4799,1726762428,1846,1759,87
4800,1726760985,1836,1871,35
4801,1726733757,1844,1825,19
4802,1726732156,1819,1575,244
4803,1726678606,1863,1814,49
4804,1726677498,1812,1863,51
4805,1726676396,1809,1874,65
4806,1726650899,1772,1807,35
4807,1726649152,1804,1656,148
4808,1726648906,1802,1750,52
4809,1726648014,1799,1649,150
4810,1726646890,1769,1799,30
4811,1726646233,1799,2005,206
4812,1726246452,2298,1799,499
4813,1725280816,1796,1743,53
4814,1725280199,1796,2295,499
4815,1724941888,2478,1796,682
4816,1724941595,2478,1796,682
4817,1724940922,1903,1794,109
4818,1724940434,1794,2010,216
4819,1724939456,1747,1791,44
4820,1724939052,1791,2005,214
4821,1724938941,1791,2003,212
4822,1724938204,1718,1791,73
4823,1724850170,2296,1786,510
4824,1724849310,2296,1777,519
4825,1724848237,1776,1768,8
4826,1724847263,1759,1836,77
4827,1724682315,1756,1946,190
4828,1724681738,1756,1982,226
4829,1724681104,2091,1746,345
4830,1724679912,1743,2091,348
4831,1724608323,1740,1912,172
4832,1724607532,1908,1740,168
4833,1724607000,2375,1740,635
4834,1724235379,1740,1187,553
4835,1724234975,1730,1178,552
4836,1724234394,1725,1939,214
4837,1724233973,680,1725,1045
4838,1724232177,1720,1806,86
4839,1724231941,1794,1720,74
4840,1724231257,1708,789,919
4841,1724091660,1937,1687,250
4842,1724091134,1683,2116,433
4843,1724090153,1871,1660,211
4844,1724089388,1937,1645,292
4845,1724089293,1843,1645,198
4846,1725473223,1428,0,1428
4847,1727337510,2024,2067,43
4848,1727331619,2202,2024,178
4849,1727268451,2021,2045,24
4850,1727267376,2021,2201,180
4851,1727266472,2013,1961,52
4852,1727259394,2011,1723,288
4853,1727250763,2011,1851,160
4854,1727161928,2011,1945,66
4855,1727084101,2011,2170,159
4856,1727011339,2011,2322,311
4857,1727010628,1986,2011,25
4858,1727009977,2011,2322,311
4859,1727007542,1914,2010,96
4860,1727006453,2010,1956,54
4861,1727005045,2010,1956,54
4862,1727003446,2010,2345,335
4863,1727002371,2009,1940,69
4864,1727001816,2358,2009,349
4865,1727000985,2358,2009,349
4866,1727000110,2009,1811,198
4867,1726936323,2009,1896,113
4868,1726934876,2009,2072,63
4869,1726933634,2009,2104,95
4870,1726932533,2009,1903,106
4871,1726932151,2009,1739,270
4872,1726931611,1877,2009,132
4873,1726930902,1877,2008,131
4874,1726923913,2008,1919,89
4875,1726922754,2008,1743,265
4876,1726921902,2321,2008,313
4877,1726921637,2321,2008,313
4878,1726920709,2008,1940,68
4879,1726919665,1799,2007,208
4880,1726918349,2007,1481,526
4881,1726917317,1481,2007,526
4882,1726916511,2007,1915,92
4883,1726915112,1860,2006,146
4884,1726913080,1976,2006,30
4885,1726912350,2006,1847,159
4886,1726910911,2006,2150,144
4887,1726909298,2006,2148,142
4888,1726908216,2006,2143,137
4889,1726907158,1331,2006,675
4890,1726864646,2006,2171,165
4891,1726863481,1593,2006,413
4892,1726862849,2005,797,1208
4893,1726861477,2005,2045,40
4894,1726860405,2458,2005,453
4895,1726860107,1856,2005,149
4896,1726859751,1937,2005,68
4897,1726858629,2020,2004,16
4898,1726857598,2004,2020,16
4899,1726855610,2004,1628,376
4900,1726854862,2122,2004,118
4901,1726854089,1862,2004,142
4902,1726852933,2004,2282,278
4903,1726852037,1847,2003,156
4904,1726851407,2003,1847,156
4905,1726849794,2127,2003,124
4906,1726848333,2458,2003,455
4907,1726846677,2282,2003,279
4908,1726846164,1905,2003,98
4909,1726838969,2002,2007,5
4910,1726838066,2002,1896,106
4911,1726836477,2002,1906,96
4912,1726835497,1906,2002,96
4913,1726834587,2002,1904,98
4914,1726833794,2002,1847,155
4915,1726826336,2002,2175,173
4916,1726825655,1884,2001,117
4917,1726821818,1881,2001,120
4918,1726820425,2001,1785,216
4919,1726819418,1771,2001,230
4920,1726813611,1995,1768,227
4921,1726812157,1993,1824,169
4922,1726779706,1857,1993,136
4923,1726778660,1993,2042,49
4924,1726778005,1993,2034,41
4925,1726776676,1844,1992,148
4926,1726776198,1893,1992,99
4927,1726774078,1910,1985,75
4928,1726773091,1910,1982,72
4929,1725723651,1950,1982,32
4930,1725722748,1981,1950,31
4931,1725721723,1981,1950,31
4932,1725706596,1917,1981,64
4933,1725703540,1980,2255,275
4934,1725702465,1980,1917,63
4935,1725701301,1980,1917,63
4936,1725642014,1859,1980,121
4937,1725641366,1979,1814,165
4938,1725640447,2069,1979,90
4939,1725639946,2237,1979,258
4940,1725639283,1491,1979,488
4941,1725629813,1974,2223,249
4942,1725628621,1974,1352,622
4943,1725627450,2223,1970,253
4944,1725626747,1970,1997,27
4945,1725626074,1804,1963,159
4946,1725625163,1804,1957,153
4947,1731054822,2019,1704,315
4948,1731054606,2017,1059,958
4949,1731054528,2012,1704,308
4950,1731054422,2010,0,2010
4951,1731054319,2005,1704,301
4952,1731053517,2000,1704,296
4953,1731053411,1704,1994,290
4954,1730970584,1543,1992,449
4955,1730970551,1991,1593,398
4956,1730970141,1737,1987,250
4957,1730969234,1737,1983,246
4958,1730968998,1981,267,1714
4959,1730968442,1980,226,1754
4960,1730968296,1977,437,1540
4961,1730967944,1974,0,1974
4962,1730966763,1737,1970,233
4963,1730966365,1967,1653,314
4964,1730965440,1960,2029,69
4965,1730965328,1846,1955,109
4966,1729262155,1948,1864,84
4967,1729158962,1750,1944,194
4968,1727445734,1938,1928,10
4969,1727442888,1937,1781,156
4970,1727359318,2081,1936,145
4971,1727358674,1936,2081,145
4972,1727357973,1936,2255,319
4973,1727357168,1930,1936,6
4974,1727356592,2045,1927,118
4975,1727356053,1926,2045,119
4976,1727354911,1925,1732,193
4977,1727353928,2358,1925,433
4978,1727352871,1899,1924,25
4979,1727351899,1812,1924,112
4980,1727111751,2173,1924,249
4981,1726991302,1920,1846,74
4982,1726945344,1919,1823,96
4983,1726944678,1912,1919,7
4984,1726943853,1669,1919,250
4985,1726942853,1914,1912,2
4986,1726942375,1914,1908,6
4987,1726923087,1919,1903,16
4988,1726901078,1894,1885,9
4989,1726899986,1892,1877,15
4990,1726835874,1891,1904,13
4991,1726835561,1891,1904,13
4992,1726834523,2358,1891,467
4993,1726166708,1880,1986,106
4994,1726165624,1879,1772,107
4995,1726164656,1879,2179,300
4996,1726164521,1878,1854,24
4997,1726164454,1877,1854,23
4998,1726044311,1854,1876,22
4999,1726043314,1854,1874,20
5000,1726042773,1854,1873,19
5001,1725539938,1873,2148,275
5002,1725371074,1999,1872,127
5003,1725370724,1841,1871,30
5004,1725370527,1871,2184,313
5005,1725370102,1871,2180,309
5006,1725369785,1871,2176,305
5007,1725369072,1836,1870,34
5008,1725368926,1870,1830,40
5009,1725368661,1870,1830,40
5010,1725368145,1870,1830,40
5011,1725367099,1787,1868,81
5012,1725366781,1859,1868,9
5013,1725366591,1868,1857,11
5014,1725279147,1800,1867,67
5015,1725278561,2295,1867,428
5016,1725278031,1866,2035,169
5017,1724852723,1995,1864,131
5018,1724852360,1864,1995,131
5019,1724850862,1863,1995,132
5020,1724679305,1863,1802,61
5021,1724678964,1873,1862,11
5022,1724678713,1862,1857,5
5023,1724678009,1873,1860,13
5024,1724677455,2074,1860,214
5025,1724676809,1860,1857,3
5026,1724675383,1859,1857,2
5027,1724674544,1859,1797,62
5028,1724673705,1940,1855,85
5029,1724595139,2047,1855,192
5030,1724593449,1841,2131,290
5031,1724419380,1876,1839,37
5032,1724419026,2023,1839,184
5033,1724417833,1952,1836,116
5034,1724417486,1984,1834,150
5035,1724417445,1834,1984,150
5036,1724417146,1834,1969,135
5037,1724311461,1805,1833,28
5038,1724227339,2012,1833,179
5039,1724226761,1823,1520,303
5040,1724226363,1718,1817,99
5041,1724160923,1815,1822,7
5042,1724160106,1844,1815,29
5043,1724158940,1822,1805,17
5044,1724158411,1822,1803,19
5045,1724157212,1772,1802,30
5046,1724156866,1802,2079,277
5047,1731230637,2077,1894,183
5048,1731230276,2076,1462,614
5049,1731230045,2074,0,2074
5050,1731229152,2070,1849,221
5051,1731228348,1849,2066,217
5052,1731227900,1609,2063,454
5053,1731227655,2061,0,2061
5054,1731227319,2059,1545,514
5055,1731226848,2056,1792,264
5056,1731142821,2055,650,1405
5057,1731141666,1710,2052,342
5058,1731141151,2049,1750,299
5059,1731140321,1710,2047,337
5060,1731139526,1549,2045,496
5061,1731138636,1848,2042,194
5062,1731137918,1710,2039,329
5063,1731137558,1848,2036,188
5064,1731137478,0,2034,2034
5065,1731136745,2030,1848,182
5066,1731136191,2027,1848,179
5067,1731135934,2026,437,1589
5068,1731135283,1002,2024,1022
5069,1730621228,1642,2022,380
5070,1730620890,0,2019,2019
5071,1730620606,1355,2014,659
5072,1730620155,1543,2012,469
5073,1730619790,1562,2010,448
5074,1730618768,401,2007,1606
5075,1730617744,2005,1342,663
5076,1730021567,1925,1998,73
5077,1730020579,1992,1855,137
5078,1730019902,1989,1855,134
5079,1730019242,1855,1988,133
5080,1730018280,1987,1855,132
5081,1730017285,1985,1788,197
5082,1730016680,1985,1788,197
5083,1730015873,1983,2022,39
5084,1730014994,1701,1982,281
5085,1729760216,1980,1567,413
5086,1729759587,1567,1979,412
5087,1729759311,1934,1979,45
5088,1729758900,0,1977,1977
5089,1729758069,1975,1704,271
5090,1729757353,1811,1973,162
5091,1729756368,1811,1972,161
5092,1729756140,971,1970,999
5093,1729755607,1968,971,997
5094,1729755281,1967,1695,272
5095,1729754423,1965,1695,270
5096,1729754160,1068,1963,895
5097,1729753677,1963,1912,51
5098,1729753284,1954,1912,42
5099,1729753003,1952,1443,509
5100,1729155979,1948,1786,162
5101,1727446371,1940,1304,636
5102,1727199917,1925,1932,7
5103,1727110238,1926,1923,3
5104,1724591610,1917,1843,74
5105,1724315624,2162,1915,247
5106,1724315109,1913,2080,167
5107,1724314316,2080,1911,169
5108,1724313905,2079,1911,168
5109,1724313638,1909,2079,170
5110,1724313167,2079,1909,170
5111,1724312701,1909,2079,170
5112,1724311848,2128,1909,219
5113,1723624672,1902,1902,0
5114,1723624254,1895,1902,7
5115,1723623588,1887,1902,15
5116,1723622612,1879,1902,23
5117,1723622133,2040,1865,175
5118,1723539525,1064,1859,795
5119,1723539151,1970,1857,113
5120,1723538692,1854,1970,116
5121,1723482553,1852,1845,7
5122,1723481680,1852,2146,294
5123,1723481225,2144,1852,292
5124,1723479064,1850,1891,41
5125,1723458788,1850,2272,422
5126,1723458307,2031,1850,181
5127,1723457921,2272,1850,422
5128,1723454728,1847,1902,55
5129,1723454055,2027,1847,180
5130,1723375406,2151,1845,306
5131,1723375112,2151,1845,306
5132,1723374087,1842,2151,309
5133,1723373877,2150,1842,308
5134,1723372726,1929,1840,89
5135,1723282188,1939,1837,102
5136,1723281528,1837,1935,98
5137,1723281184,1837,1978,141
5138,1723280666,1938,1835,103
5139,1723280186,1835,1890,55
5140,1723278845,1916,1832,84
5141,1723278655,1832,2113,281
5142,1723278485,1832,2113,281
5143,1723277479,1830,1935,105
5144,1723277142,1815,1830,15
5145,1723275928,1827,1935,108
5146,1723275402,1827,1934,107
5147,1730964529,2018,1706,312
5148,1730624332,1642,2016,374
5149,1730623618,2011,924,1087
5150,1730622696,1891,2006,115
5151,1730621977,2004,1891,113
5152,1730537162,2003,1881,122
5153,1730536726,2001,1295,706
5154,1730536422,1953,2001,48
5155,1730535928,1993,1953,40
5156,1730535342,1986,1869,117
5157,1730534512,901,1985,1084
5158,1730534133,1826,1979,153
5159,1730533448,1789,1975,186
5160,1730533102,522,1973,1451
5161,1730532572,480,1972,1492
5162,1730531871,2425,1972,453
5163,1729157519,1964,1797,167
5164,1729157162,1961,1151,810
5165,1728719030,2277,1946,331
5166,1728715390,1990,1933,57
5167,1728633564,0,1930,1930
5168,1728044642,1923,1945,22
5169,1728043541,1922,2459,537
5170,1728042907,819,1920,1101
5171,1727950999,1914,0,1914
5172,1727601349,2373,1906,467
5173,1727600518,1904,1886,18
5174,1727599979,1904,2373,469
5175,1727599792,1902,1850,52
5176,1727599111,1850,1900,50
5177,1727598796,1849,1900,51
5178,1727598443,1899,1849,50
5179,1727597695,1899,2373,474
5180,1727596903,1897,1813,84
5181,1727596454,1895,1817,78
5182,1727595905,1893,1992,99
5183,1727594572,1891,1861,30
5184,1727514694,1891,2132,241
5185,1727513855,1891,2132,241
5186,1727513485,1891,2132,241
5187,1727512272,1782,1889,107
5188,1727510707,1885,1887,2
5189,1727509856,1887,1977,90
5190,1727509197,1885,1855,30
5191,1727508308,1976,1885,91
5192,1727507922,1883,1976,93
5193,1727448193,2198,1883,315
5194,1727447399,2198,1883,315
5195,1727421487,1875,1830,45
5196,1727419189,1868,1441,427
5197,1727361159,1960,1864,96
5198,1727360907,2081,1864,217
5199,1726837163,1345,1855,510
5200,1726762428,1846,1759,87
5201,1726760985,1836,1871,35
5202,1726733757,1844,1825,19
5203,1726732156,1819,1575,244
5204,1726678606,1863,1814,49
5205,1726677498,1812,1863,51
5206,1726676396,1809,1874,65
5207,1726650899,1772,1807,35
5208,1726649152,1804,1656,148
5209,1726648906,1802,1750,52
5210,1726648014,1799,1649,150
5211,1726646890,1769,1799,30
5212,1726646233,1799,2005,206
5213,1726246452,2298,1799,499
5214,1725280816,1796,1743,53
5215,1725280199,1796,2295,499
5216,1724941888,2478,1796,682
5217,1724941595,2478,1796,682
5218,1724940922,1903,1794,109
5219,1724940434,1794,2010,216
5220,1724939456,1747,1791,44
5221,1724939052,1791,2005,214
5222,1724938941,1791,2003,212
5223,1724938204,1718,1791,73
5224,1724850170,2296,1786,510
5225,1724849310,2296,1777,519
5226,1724848237,1776,1768,8
5227,1724847263,1759,1836,77
5228,1724682315,1756,1946,190
5229,1724681738,1756,1982,226
5230,1724681104,2091,1746,345
5231,1724679912,1743,2091,348
5232,1724608323,1740,1912,172
5233,1724607532,1908,1740,168
5234,1724607000,2375,1740,635
5235,1724235379,1740,1187,553
5236,1724234975,1730,1178,552
5237,1724234394,1725,1939,214
5238,1724233973,680,1725,1045
5239,1724232177,1720,1806,86
5240,1724231941,1794,1720,74
5241,1724231257,1708,789,919
5242,1724091660,1937,1687,250
5243,1724091134,1683,2116,433
5244,1724090153,1871,1660,211
5245,1724089388,1937,1645,292
5246,1724089293,1843,1645,198
5247,1724703264,1661,1890,229
5248,1724103646,1661,1907,246
5249,1723269652,1718,1661,57
5250,1723154222,1740,1661,79
5251,1723142029,1752,1638,114
5252,1723065083,1635,1877,242
5253,1723063416,1610,1862,252
5254,1723061028,1829,1584,245
5255,1722984059,1582,1753,171
5256,1722982364,1711,1582,129
5257,1722980994,1582,1700,118
5258,1722980351,1551,1700,149
5259,1722979832,1518,1872,354
5260,1722979572,1514,1856,342
5261,1722979169,1510,1839,329
5262,1722978738,1473,1537,64
5263,1722978545,1468,1864,396
5264,1722978000,1424,1726,302
5265,1722976205,1621,1377,244
5266,1722975870,1331,1510,179
5267,1722975463,1283,1439,156
5268,1722975072,1843,1227,616
5269,1722974754,1220,1934,714
5270,1722802833,1756,1156,600
5271,1722802383,1088,1602,514
5272,1722801464,1031,1084,53
5273,1722801315,1082,551,531
5274,1722632924,1454,1005,449
5275,1722626926,1582,919,663
5276,1722625092,867,356,511
5277,1722624447,1529,771,758
5278,1722612737,899,686,213
5279,1722608718,1251,581,670
5280,1722607783,196,571,375
5281,1722553248,83,498,415
5282,1722553009,1475,473,1002
5283,1722551647,449,1516,1067
5284,1722544468,1069,312,757
5285,1722440493,873,288,585
5286,1722440434,197,169,28
5287,1722439464,28,383,355
5288,1722364117,0,0,0
5289,1727022355,2016,1856,160
5290,1727021917,2218,2016,202
5291,1727021574,1907,2016,109
5292,1727020751,2016,2215,199
5293,1727009090,2321,2016,305
5294,1727008398,2016,1944,72
5295,1727007258,1944,2012,68
5296,1725827535,1951,2012,61
5297,1725827213,2169,2012,157
5298,1725826923,2169,2012,157
5299,1725824766,2012,2168,156
5300,1725824372,1984,2012,28
5301,1725809260,2011,1904,107
5302,1725808415,2011,1957,54
5303,1725807254,2139,2011,128
5304,1725806141,2011,2126,115
5305,1725805234,1771,2004,233
5306,1725802617,2001,1833,168
5307,1725800800,1879,2001,122
5308,1725800239,2106,2001,105
5309,1725796152,2001,1766,235
5310,1725795615,2001,2270,269
5311,1725794898,2266,2001,265
5312,1725742290,2001,1956,45
5313,1725740980,2000,1938,62
5314,1725739950,2169,2000,169
5315,1725732160,2000,1818,182
5316,1725731498,2000,1984,16
5317,1725728873,1802,2000,198
5318,1725728416,1878,1999,121
5319,1725723287,1923,1999,76
5320,1725722948,1999,1836,163
5321,1725722108,1917,1999,82
5322,1725703967,1999,1837,162
5323,1725703234,1998,1468,530
5324,1725702061,1998,1567,431
5325,1725700429,1998,1879,119
5326,1725699670,1997,1768,229
5327,1725695854,2081,1997,84
5328,1725695467,2237,1997,240
5329,1725694779,1997,2237,240
5330,1725693343,2074,1997,77
5331,1725692816,1826,1997,171
5332,1725692523,1997,1791,206
5333,1725691503,1997,1824,173
5334,1725659688,1997,1651,346
5335,1725658841,1997,1883,114
5336,1725654828,1996,1902,94
5337,1725654033,1996,1807,189
5338,1725652620,1996,2030,34
5339,1725480740,1996,1320,676
5340,1725479660,1996,2133,137
5341,1725477596,1991,1763,228
5342,1725475051,1986,1768,218
5343,1725399832,1986,2001,15
5344,1725398298,1698,1986,288
5345,1725396452,1999,1985,14
5346,1725395644,1998,1985,13
5347,1725394864,1985,1729,256
5348,1725393111,1980,1509,471
5349,1725391265,1980,1935,45
5350,1725390082,1414,1980,566
5351,1725362393,1824,1979,155
5352,1725362020,2122,1979,143
5353,1725360808,1979,1822,157
5354,1725359259,1880,1979,99
5355,1725343760,1979,1950,29
5356,1725343222,1979,1728,251
5357,1725312830,1957,1970,13
5358,1725310854,1984,1969,15
5359,1725310073,1969,1984,15
5360,1725309775,1969,1984,15
5361,1725308961,2030,1968,62
5362,1725307716,1968,2131,163
5363,1725306284,1974,1968,6
5364,1725223460,1967,1950,17
5365,1725221912,1967,1841,126
5366,1725221007,1966,1849,117
5367,1725220157,1849,1966,117
5368,1725220047,1207,1966,759
5369,1725218481,1903,1966,63
5370,1725217186,1912,1965,53
5371,1725216117,2101,1965,136
5372,1725196687,1964,1904,60
5373,1725196432,1964,1725,239
5374,1725195107,1964,1980,16
5375,1725193624,1963,2006,43
5376,1725193007,1963,2294,331
5377,1725136651,1963,1859,104
5378,1725136435,1839,1963,124
5379,1725135012,1947,1963,16
5380,1725134237,1963,1947,16
5381,1725132231,1963,2167,204
5382,1725104528,1963,2294,331
5383,1725103839,1962,1904,58
5384,1725103443,1916,1962,46
5385,1725103132,2458,1962,496
5386,1725102268,2437,1962,475
5387,1725097500,1962,1790,172
5388,1725093007,1962,2000,38
5389,1725698925,833,1181,348
5390,1723503468,1122,1635,513
5391,1723502822,1709,1110,599
5392,1723409277,1502,1106,396
5393,1723409233,1735,1033,702
5394,1723408236,954,1738,784
5395,1723148238,1684,940,744
5396,1723063776,850,1583,733
5397,1722805175,752,1514,762
5398,1722803286,648,1369,721
5399,1722637154,1432,534,898
5400,1722636940,664,439,225
5401,1722636668,388,343,45
5402,1722635989,243,380,137
5403,1722626039,1311,212,1099
5404,1722545482,111,0,111
5405,1722541734,74,904,830
5406,1722444599,945,28,917
5407,1722376737,0,0,0
5408,1725232444,1273,421,852
5409,1724878127,1273,1411,138
5410,1724877413,1399,1273,126
5411,1724877362,0,1259,1259
5412,1724876330,1225,1647,422
5413,1724875782,1188,1555,367
5414,1724854854,1183,1509,326
5415,1724821561,1143,1407,264
5416,1724821238,1136,1596,460
5417,1724814903,1489,1127,362
5418,1724814248,1583,1078,505
5419,1724808489,1127,1030,97
5420,1724808071,1296,976,320
5421,1724807418,1265,917,348
5422,1724806543,871,710,161
5423,1724806081,835,169,666
5424,1724795203,1385,766,619
5425,1724681960,432,716,284
5426,1724680250,1362,639,723
5427,1724648984,1086,561,525
5428,1724299917,510,29,481
5429,1724299093,1143,418,725
5430,1723599529,26,411,385
5431,1723352733,334,369,35
5432,1722749232,227,1190,963
5433,1722479593,362,205,157
5434,1722472212,945,180,765
5435,1722409277,158,529,371
5436,1722409235,58,45,13
5437,1722409194,22,430,408
5438,1722409093,0,118,118
5439,1722409062,0,0,0
5440,1722409036,881,0,881
5441,1726709119,2012,1862,150
5442,1726706060,2012,1876,136
5443,1726691841,1752,2012,260
5444,1726691250,2012,2253,241
5445,1726690161,2066,2012,54
5446,1726625172,2012,2191,179
5447,1726624276,2012,2191,179
5448,1726624238,2012,2191,179
5449,1726623969,2012,2191,179
5450,1726623676,2191,2012,179
5451,1726608322,2005,1872,133
5452,1726604210,1998,1677,321
5453,1725982366,1989,1987,2
5454,1725981752,1863,1987,124
5455,1725980334,1987,1986,1
5456,1725976225,2296,1986,310
5457,1725975909,2279,1986,293
5458,1725940266,1986,2327,341
5459,1725940222,1986,2324,338
5460,1725938859,1984,1986,2
5461,1725937717,2311,1986,325
5462,1725936459,1986,1909,77
5463,1725935797,1986,1807,179
5464,1725935768,1986,1805,181
5465,1725917286,1982,1959,23
5466,1725917205,1200,1982,782
5467,1725916276,1617,1982,365
5468,1725905836,2310,1982,328
5469,1725904997,1982,1778,204
5470,1725903354,1982,1795,187
5471,1725902196,1169,1982,813
5472,1725900903,1982,1819,163
5473,1725856317,1877,1982,105
5474,1725856277,1984,1982,2
5475,1725855487,1874,1982,108
5476,1725855454,1785,1982,197
5477,1725855158,2194,1982,212
5478,1725854648,1977,1785,192
5479,1725853417,1929,1962,33
5480,1725853025,1784,1957,173
5481,1725848246,1946,2059,113
5482,1725846700,1596,1946,350
5483,1725846618,1946,2386,440
5484,1725846593,2385,1946,439
5485,1725845918,1888,1946,58
5486,1725841445,1946,1865,81
5487,1725840999,1844,1946,102
5488,1725740206,1946,2458,512
5489,1725738811,1938,1946,8
5490,1725737918,1946,1698,248
5491,1725731350,1946,1878,68
5492,1725730553,1878,1946,68
5493,1725592292,2154,1946,208
5494,1725591083,1946,2245,299
5495,1725590054,1946,2160,214
5496,1725589419,2160,1946,214
5497,1725588743,1750,1946,196
5498,1725588639,2160,1946,214
5499,1725572738,2131,1946,185
5500,1725572454,1946,1953,7
5501,1725570944,1946,2301,355
5502,1725570080,2026,1946,80
5503,1725569131,2301,1946,355
5504,1725568800,2300,1946,354
5505,1725568320,1940,1906,34
5506,1725566889,1937,1940,3
5507,1725564136,1867,1935,68
5508,1725564103,1912,1935,23
5509,1725563309,1867,1934,67
5510,1725561494,1934,1809,125
5511,1725555448,1934,2135,201
5512,1725553749,1934,1901,33
5513,1725505366,1934,2193,259
5514,1725504723,2193,1934,259
5515,1725504016,1934,2034,100
5516,1725503577,1934,2034,100
5517,1725502502,1934,1849,85
5518,1725492280,1934,2268,334
5519,1725491324,1787,1927,140
5520,1725490732,1787,1927,140
5521,1725490019,1969,1927,42
5522,1725484842,1859,1927,68
5523,1725483221,1927,2240,313
5524,1725481993,1927,1898,29
5525,1725480787,1927,2133,206
5526,1725480339,1768,1927,159
5527,1725479030,1898,1924,26
5528,1725478351,1924,1885,39
5529,1725477146,1918,1181,737
5530,1725475464,2250,1918,332
5531,1725474568,1908,1505,403
5532,1725245845,1875,1903,28
5533,1725233966,1903,1936,33
5534,1725232883,2003,1903,100
5535,1725229776,1903,1969,66
5536,1725225536,1751,1903,152
5537,1725223921,2130,1903,227
5538,1725222292,1858,1903,45
5539,1725221123,1903,1781,122
5540,1725220091,1780,1903,123
5541,1725152970,1260,1450,190
5542,1724786505,1255,1700,445
5543,1724208206,1250,1633,383
5544,1724020174,1250,1621,371
5545,1724019571,507,1250,743
5546,1724018512,1200,1621,421
5547,1724017498,1194,1593,399
5548,1724016949,1652,1189,463
5549,1724016105,1128,1657,529
5550,1724015559,1173,1074,99
5551,1724015132,1190,1014,176
5552,1724014807,942,1586,644
5553,1724014205,1435,864,571
5554,1724013071,1510,852,658
5555,1724012773,762,1525,763
5556,1724012335,913,681,232
5557,1724011373,1070,666,404
5558,1724010815,354,594,240
5559,1724010339,533,0,533
5560,1724009994,0,468,468
5561,1724009561,379,369,10
5562,1724009167,300,0,300
5563,1724008652,1188,164,1024
5564,1724008427,704,30,674
5565,1724006100,0,151,151
5566,1724006060,1288,0,1288
5567,1724006018,985,0,985
5568,1724528559,674,72,602
5569,1724465032,6,0,6
5570,1723169640,1177,0,1177
5571,1724652037,2010,2055,45
5572,1724651003,1838,2010,172
5573,1724650991,2230,2010,220
5574,1724650385,2226,2010,216
5575,1724649589,1849,2010,161
5576,1724649284,2055,2009,46
5577,1724649066,2215,2009,206
5578,1724648316,2009,1916,93
5579,1724647973,1874,2009,135
5580,1724637446,2009,1540,469
5581,1724607882,2228,2009,219
5582,1724607509,2377,2009,368
5583,1724607191,2009,1987,22
5584,1724528332,2170,2009,161
5585,1724526335,2006,2085,79
5586,1724523679,2005,2013,8
5587,1724522958,2084,2005,79
5588,1724522507,2004,1799,205
5589,1724522072,2084,2004,80
5590,1724521565,2311,2004,307
5591,1724520798,2222,2004,218
5592,1724520362,2004,2251,247
5593,1724519512,2004,2299,295
5594,1724518877,2004,2222,218
5595,1724365586,2003,1981,22
5596,1724213760,1975,2002,27
5597,1724212768,2002,2005,3
5598,1724212497,2294,2002,292
5599,1724211776,2002,2023,21
5600,1724211399,1903,2001,98
5601,1724209883,2029,2000,29
5602,1724208814,2029,2000,29
5603,1724208522,2294,2000,294
5604,1724207314,2000,2051,51
5605,1724206529,2290,2000,290
5606,1724205832,2000,2290,290
5607,1724137187,1999,1925,74
5608,1724136972,1999,1921,78
5609,1724136633,1921,1999,78
5610,1724136419,1921,1998,77
5611,1724136183,1856,1998,142
5612,1724135954,1998,1941,57
5613,1724135495,2009,1997,12
5614,1724135196,1997,2009,12
5615,1724134443,1852,1996,144
5616,1724133760,2065,1996,69
5617,1724132938,1996,2065,69
5618,1724132468,1996,2065,69
5619,1724132187,1975,1996,21
5620,1724131010,1996,2116,120
5621,1724129946,1995,2065,70
5622,1724123258,1995,2373,378
5623,1724122637,1915,1994,79
5624,1724122212,1994,2268,274
5625,1724121343,1994,2001,7
5626,1724120597,2367,1994,373
5627,1724118828,2116,1985,131
5628,1724118529,1984,2268,284
5629,1724117673,2274,1973,301
5630,1724115654,1936,1964,28
5631,1724030450,1958,2014,56
5632,1724018534,1869,1958,89
5633,1724017340,2273,1958,315
5634,1724017020,1957,1513,444
5635,1724016535,2273,1957,316
5636,1724016011,1865,1956,91
5637,1724015636,2084,1956,128
5638,1724014592,2159,1956,203
5639,1724014108,1956,2084,128
5640,1723925519,2054,1944,110
5641,1723925183,1943,2135,192
5642,1723924865,1943,2135,192
5643,1723924556,1970,1942,28
5644,1723924266,1990,1942,48
5645,1723924057,1942,1987,45
5646,1723923811,1938,1828,110
5647,1723867634,1909,1937,28
5648,1723867392,1936,1909,27
5649,1723866991,2179,1936,243
5650,1723865955,1921,1936,15
5651,1723865242,2255,1935,320
5652,1723863635,1906,1935,29
5653,1723862862,1934,2254,320
5654,1723861740,1934,2012,78
5655,1723861422,2254,1933,321
5656,1723859523,1932,1906,26
5657,1723859216,1881,1931,50
5658,1723858493,1881,1931,50
5659,1723776841,1930,1894,36
5660,1723776214,1930,1867,63
5661,1723775501,1930,1865,65
5662,1723774942,1858,1929,71
5663,1723773727,2023,1928,95
5664,1723773424,1928,2022,94
5665,1723772209,1928,2022,94
5666,1723771645,1928,2146,218
5667,1723771079,1856,1927,71
5668,1723770228,1927,1890,37
5669,1723769285,1927,1831,96
5670,1723768798,1927,1964,37
5671,1724529084,1538,1591,53
5672,1724526839,1538,1330,208
5673,1724524172,685,1538,853
5674,1724523249,1747,1536,211
5675,1724486691,1846,1535,311
5676,1724486339,1728,1507,221
5677,1724475100,1506,1786,280
5678,1724474415,1475,1870,395
5679,1724221971,1443,1837,394
5680,1724220327,1409,1830,421
5681,1724219973,632,1389,757
5682,1724219443,1830,1352,478
5683,1724218811,1664,1314,350
5684,1724218209,1312,1343,31
5685,1724217770,1312,1704,392
5686,1724216650,1710,1266,444
5687,1724013484,1764,1261,503
5688,1724012785,1257,1862,605
5689,1724012353,1202,1764,562
5690,1724011781,1195,1904,709
5691,1724011229,1210,1189,21
5692,1724010417,903,1142,239
5693,1724009590,908,1092,184
5694,1724009099,1745,1084,661
5695,1724008432,1006,1668,662
5696,1724007151,1759,990,769
5697,1724006807,1483,901,582
5698,1724006130,1648,885,763
5699,1724006085,781,1483,702
5700,1724005097,1758,758,1000
5701,1723933376,1073,652,421
5702,1723933002,1692,521,1171
5703,1723931892,1411,380,1031
5704,1723926850,1146,234,912
5705,1723597211,1429,191,1238
5706,1722732042,75,0,75
5707,1722456226,999,0,999
5708,1730291831,1305,1730,425
5709,1730290908,1729,694,1035
5710,1727503952,1729,1821,92
5711,1727503359,1821,1729,92
5712,1727502578,1821,1729,92
5713,1727364629,1729,1778,49
5714,1727246619,1946,1729,217
5715,1727180988,1672,1728,56
5716,1727175424,1728,1936,208
5717,1727071914,1727,1812,85
5718,1727070993,1716,1727,11
5719,1727066279,1727,1331,396
5720,1727065850,1726,1581,145
5721,1727064371,1726,1867,141
5722,1727063927,1725,1867,142
5723,1727000869,1674,1725,51
5724,1726903107,1725,1758,33
5725,1726900906,1724,1046,678
5726,1726895747,1724,1675,49
5727,1726895070,1797,1724,73
5728,1726894896,1723,1798,75
5729,1726886701,1604,1723,119
5730,1726831714,1722,1788,66
5731,1726826111,1722,1757,35
5732,1726811592,1780,1721,59
5733,1726679739,1616,1720,104
5734,1726666433,1720,1560,160
5735,1726583550,1675,1720,45
5736,1726492001,1720,1608,112
5737,1726491081,1719,0,1719
5738,1726489837,1718,0,1718
5739,1726371921,1718,1749,31
5740,1726369970,1652,1717,65
5741,1726360606,1717,261,1456
5742,1726359650,1409,1717,308
5743,1726301919,1716,1780,64
5744,1726299285,1888,1716,172
5745,1726299144,1716,0,1716
5746,1726298207,1716,1588,128
5747,1726297842,435,1715,1280
5748,1726297513,1714,409,1305
5749,1726297341,1713,0,1713
5750,1726282470,1713,1836,123
5751,1726206444,1713,1895,182
5752,1726205704,1512,1713,201
5753,1726143209,1604,1712,108
5754,1726126847,1859,1712,147
5755,1726078855,1712,1680,32
5756,1726078011,1711,1895,184
5757,1726075882,1733,1711,22
5758,1726046475,1681,1711,30
5759,1725981836,1711,1656,55
5760,1725980488,1711,1655,56
5761,1725979689,1702,1545,157
5762,1725979149,1608,1697,89
5763,1725937035,1696,0,1696
5764,1725936435,1696,1892,196
5765,1725930095,1693,0,1693
5766,1725929476,1671,1685,14
5767,1725900811,1681,1836,155
5768,1725899786,1680,1565,115
5769,1725896229,1714,1680,34
5770,1725895403,1714,1679,35
5771,1725895095,1679,1614,65
5772,1725891019,1678,1617,61
5773,1725890333,1678,1675,3
5774,1725799804,1677,1623,54
5775,1725799084,1676,1617,59
5776,1725693907,1829,1676,153
5777,1725693331,849,1675,826
5778,1725690744,1675,1829,154
5779,1725690341,1675,1829,154
5780,1725689914,1664,1829,165
5781,1725686291,1569,1663,94
5782,1725685523,1662,1611,51
5783,1725471188,1593,1661,68
5784,1725470680,1803,1660,143
5785,1725097890,1659,1535,124
5786,1725097038,1719,1659,60
5787,1725096610,1578,1659,81
5788,1724954371,1802,1659,143
5789,1724953855,1659,1677,18
5790,1724899104,1741,1659,82
5791,1724898811,1630,1649,19
5792,1724898698,1630,1639,9
5793,1724898140,1637,1630,7
5794,1724897583,1637,1740,103
5795,1724897416,1628,1762,134
5796,1724897365,1762,1618,144
5797,1724897337,1762,1607,155
5798,1724897304,1762,1601,161
5799,1724739919,1600,1622,22
5800,1724739749,1622,1598,24
5801,1724732012,1516,1598,82
5802,1724729446,1598,1508,90
5803,1724728085,1597,1489,108
5804,1724727218,1596,962,634
5805,1724723525,1596,1732,136
5806,1724723154,1594,1511,83
5807,1724721267,1594,1558,36
5808,1731586014,0,2008,2008
5809,1731584140,2008,1836,172
5810,1731583521,2008,2269,261
5811,1731582560,2008,1977,31
5812,1731581970,1506,2008,502
5813,1731581245,1813,2008,195
5814,1731580741,2434,2008,426
5815,1731580465,2433,2008,425
5816,1731579366,1813,2008,195
5817,1731465251,1976,2008,32
5818,1731464502,2007,1026,981
5819,1731416558,2113,2007,106
5820,1731415159,2113,2007,106
5821,1731413244,2007,1601,406
5822,1731070664,2007,1971,36
5823,1731068981,2007,1996,11
5824,1731068040,2007,1976,31
5825,1731066786,2007,287,1720
5826,1731065655,1996,2007,11
5827,1730545868,2007,1795,212
5828,1730545789,2007,0,2007
5829,1730544927,2007,2397,390
5830,1730292475,2007,1476,531
5831,1730290290,1229,2007,778
5832,1730288445,1254,2007,753
5833,1730287944,1041,2007,966
5834,1730286630,2007,1636,371
5835,1730285980,2007,835,1172
5836,1730284919,708,2007,1299
5837,1730284596,2007,188,1819
5838,1730283915,1987,2007,20
5839,1730283287,2007,1690,317
5840,1730282470,2007,1034,973
5841,1729591777,2007,2075,68
5842,1729590834,1827,2007,180
5843,1729590223,2007,2063,56
5844,1729589227,1776,2007,231
5845,1729588392,1895,2007,112
5846,1729588130,2007,822,1185
5847,1729587805,2007,822,1185
5848,1729587250,2007,1348,659
5849,1729586668,2007,1619,388
5850,1729585991,2007,1619,388
5851,1729585323,2007,2166,159
5852,1729584656,2007,862,1145
5853,1729584418,2007,0,2007
5854,1729583676,2007,1596,411
5855,1729583219,2007,0,2007
5856,1729581727,2007,1634,373
5857,1729580732,2143,2007,136
5858,1729580356,2007,2138,131
5859,1729579843,2007,1125,882
5860,1729579190,1452,2007,555
5861,1729578824,875,2007,1132
5862,1729578267,2007,875,1132
5863,1729577584,1241,2007,766
5864,1729576942,1892,2007,115
5865,1729576147,2159,2007,152
5866,1729575627,2007,853,1154
5867,1729574815,2159,2007,152
5868,1729573978,2023,2007,16
5869,1729572904,2007,2107,100
5870,1729572000,1518,2007,489
5871,1729571483,2007,0,2007
5872,1729570223,2007,2023,16
5873,1729569369,2007,2023,16
5874,1729569057,2007,1889,118
5875,1729568271,2007,2023,16
5876,1729567498,2007,1941,66
5877,1729566807,1941,2007,66
5878,1729566038,2007,2158,151
5879,1729432641,2007,2109,102
5880,1729431550,1617,2007,390
5881,1729431192,2007,168,1839
5882,1729430363,2075,2006,69
5883,1729085278,1888,2006,118
5884,1729084433,2006,1734,272
5885,1729083885,2006,1952,54
5886,1729083056,2006,1739,267
5887,1729082823,2006,1725,281
5888,1729082383,2006,1717,289
5889,1729081817,85,2006,1921
5890,1729081323,2197,2006,191
5891,1729080188,472,2006,1534
5892,1729079169,2193,2006,187
5893,1729078528,1975,2006,31
5894,1728995914,1830,2006,176
5895,1728994923,1830,2006,176
5896,1728993923,2006,1830,176
5897,1728992483,1328,2006,678
5898,1728989987,2490,2006,484
5899,1728645275,2006,1708,298
5900,1728482167,2006,2557,551
5901,1728481854,2006,939,1067
5902,1728481499,2006,2197,191
5903,1728474523,1944,2006,62
5904,1728473711,2006,1944,62
5905,1728391620,2006,2061,55
5906,1728391040,2061,2006,55
5907,1728390102,1766,2006,240
5908,1731591093,2175,1738,437
5909,1731590330,1738,2067,329
5910,1731589651,1738,2175,437
5911,1731588753,2175,1738,437
5912,1731588329,1701,1738,37
5913,1731070002,1737,1646,91
5914,1730289505,1737,1254,483
5915,1729576017,1996,1737,259
5916,1729565597,2056,1737,319
5917,1729429288,2075,1737,338
5918,1728989541,1737,1858,121
5919,1728741073,1737,1213,524
5920,1728650613,1737,1738,1
5921,1728650142,1815,1733,82
5922,1728649872,739,1733,994
5923,1728649058,1733,1509,224
5924,1728647758,1617,1732,115
5925,1728646551,1732,1611,121
5926,1728644002,1417,1732,315
5927,1728643093,1417,1731,314
5928,1728480498,1673,1731,58
5929,1728479480,1730,1673,57
5930,1728479029,1730,1933,203
5931,1728478546,1932,1730,202
5932,1728477405,1640,1730,90
5933,1728477339,1424,1729,305
5934,1728477307,1424,1729,305
5935,1728477259,1610,1728,118
5936,1728476361,1728,1610,118
5937,1728475858,1727,1183,544
5938,1728224380,1727,1666,61
5939,1728223613,1666,1726,60
5940,1728222647,0,1725,1725
5941,1728049146,1832,1725,107
5942,1728048934,1725,1830,105
5943,1728048732,1725,0,1725
5944,1727967711,1703,1725,22
5945,1727967063,1724,0,1724
5946,1727888596,1678,1724,46
5947,1727880298,1076,1724,648
5948,1727701580,1808,1723,85
5949,1727568481,1723,1820,97
5950,1727504797,1821,1723,98
5951,1727363988,0,1723,1723
5952,1727181831,1690,1721,31
5953,1727174442,1598,1721,123
5954,1727173510,1659,1721,62
5955,1727173008,1720,0,1720
5956,1727068087,1741,1720,21
5957,1727062641,1720,1505,215
5958,1726999898,1720,1799,79
5959,1726901753,1719,1574,145
5960,1726890128,1719,1775,56
5961,1726809560,1719,1666,53
5962,1726749204,1457,1718,261
5963,1726748498,1718,1600,118
5964,1726747914,1599,1718,119
5965,1726490088,1718,1778,60
5966,1726370755,1718,1865,147
5967,1726368748,1717,1652,65
5968,1726368142,1716,1486,230
5969,1726367224,1726,1716,10
5970,1726366456,1716,1816,100
5971,1726300801,1851,1716,135
5972,1726300317,1716,1888,172
5973,1726299779,1715,1511,204
5974,1726299619,1715,1684,31
5975,1726295675,1659,1715,56
5976,1726294601,1714,1639,75
5977,1726294050,1714,1545,169
5978,1726282509,1744,1714,30
5979,1726210015,1713,1785,72
5980,1726209620,1550,1713,163
5981,1726208069,1712,1785,73
5982,1726206832,1849,1711,138
5983,1726205018,1710,1512,198
5984,1725889354,1710,1701,9
5985,1725888769,1709,1563,146
5986,1725687807,1569,1709,140
5987,1725684264,1709,1676,33
5988,1725683628,0,1709,1709
5989,1725617807,1709,1610,99
5990,1725471872,1708,1536,172
5991,1725385377,1707,1701,6
5992,1725382976,1706,1424,282
5993,1725382250,1706,1762,56
5994,1725381915,1805,1706,99
5995,1725285490,1109,1705,596
5996,1725284785,1733,1705,28
5997,1725281857,1629,1705,76
5998,1725279979,1704,1596,108
5999,1725279403,1595,1704,109
6000,1725160893,1704,1677,27
6001,1725160658,1703,148,1555
6002,1725159544,1703,1861,158
6003,1725154736,1600,1702,102
6004,1725094278,1717,1702,15
6005,1725093760,1701,1717,16
6006,1724952553,1713,1701,12
6007,1724952227,1712,1701,11
6008,1731494522,561,1712,1151
6009,1731492873,1977,1711,266
6010,1731491376,1709,1501,208
6011,1731404884,1606,1709,103
6012,1731338597,2046,1709,337
6013,1731333174,1171,1708,537
6014,1731330712,1708,2036,328
6015,1731330119,1708,2113,405
6016,1731329408,1707,1601,106
6017,1731328827,1707,1552,155
6018,1731134516,1707,1967,260
6019,1731134190,2125,1707,418
6020,1731133605,2253,1707,546
6021,1731133254,2253,1707,546
6022,1731132010,2253,1707,546
6023,1731075217,1707,2226,519
6024,1731074629,1514,1705,191
6025,1731050385,337,1704,1367
6026,1730891276,1702,1752,50
6027,1730630525,1443,1701,258
6028,1730628834,1701,1695,6
6029,1730548412,1803,1701,102
6030,1730547627,1624,1701,77
6031,1730456497,1590,1701,111
6032,1730456049,1699,1590,109
6033,1730455784,1270,1699,429
6034,1730455276,1643,1697,54
6035,1730454919,1696,1643,53
6036,1730454422,1694,1396,298
6037,1730454106,706,1694,988
6038,1730453746,1692,689,1003
6039,1730453199,1691,1638,53
6040,1730452689,1605,1691,86
6041,1730452010,1689,96,1593
6042,1730451504,1603,1687,84
6043,1730450196,2251,1687,564
6044,1730449817,1687,1833,146
6045,1730435310,1686,1282,404
6046,1730208484,2046,1686,360
6047,1730174176,1006,1686,680
6048,1729842440,1684,825,859
6049,1729829586,1684,1517,167
6050,1729828286,1681,1396,285
6051,1729395697,1679,1409,270
6052,1729394985,1678,1572,106
6053,1729394186,1676,2132,456
6054,1729389339,1674,1342,332
6055,1729092630,1920,1674,246
6056,1729082916,1674,1725,51
6057,1729082753,1672,1725,53
6058,1729081640,1672,1467,205
6059,1729081272,1667,1071,596
6060,1729065966,1879,1658,221
6061,1729065092,210,1654,1444
6062,1729061504,1650,0,1650
6063,1729060526,1646,867,779
6064,1729057764,0,1642,1642
6065,1729056937,1642,2496,854
6066,1729056285,273,1640,1367
6067,1729055680,1679,1638,41
6068,1729055003,1638,1926,288
6069,1729054087,1636,1527,109
6070,1729053727,1455,1633,178
6071,1729014666,1597,1633,36
6072,1729013111,1623,1633,10
6073,1729012536,1936,1616,320
6074,1729011933,1633,1614,19
6075,1729011104,1601,1611,10
6076,1729010569,1611,1843,232
6077,1729009952,1974,1611,363
6078,1729009040,1466,1609,143
6079,1729000209,1823,1609,214
6080,1728998914,1604,0,1604
6081,1728994316,1592,1817,225
6082,1728992628,1892,1590,302
6083,1728989029,1515,1572,57
6084,1728986150,845,1558,713
6085,1728981085,1548,509,1039
6086,1728979351,1543,2189,646
6087,1728978609,1539,1895,356
6088,1728975408,1889,1522,367
6089,1728974129,7,1514,1507
6090,1728973788,2407,1511,896
6091,1728972916,1861,1505,356
6092,1728954640,1460,1487,27
6093,1728916244,1855,1482,373
6094,1728911974,0,1472,1472
6095,1728821695,1821,1468,353
6096,1728800937,707,1468,761
6097,1728798406,488,1453,965
6098,1728797324,1905,1445,460
6099,1728795739,1813,1414,399
6100,1728792602,1672,1381,291
6101,1728791103,190,1366,1176
6102,1728789049,1579,1331,248
6103,1728787397,1314,422,892
6104,1728748284,1410,1279,131
6105,1728738431,1766,1239,527
6106,1728735957,1198,1766,568
6107,1728649676,1509,1156,353
6108,1731408491,2164,2005,159
6109,1731399874,2062,2005,57
6110,1731399668,2005,0,2005
6111,1731399251,1996,2005,9
6112,1731398963,2005,2054,49
6113,1731398643,1511,2004,493
6114,1731391588,2205,2004,201
6115,1731382876,1002,2004,1002
6116,1731382807,1358,2004,646
6117,1731382478,2003,1358,645
6118,1731382032,2462,2003,459
6119,1731327187,2003,2036,33
6120,1731313851,1553,2003,450
6121,1731248164,2286,2003,283
6122,1731231368,2004,2003,1
6123,1731135765,2002,1433,569
6124,1731135026,1433,2002,569
6125,1731076688,2002,1746,256
6126,1730804480,1992,2002,10
6127,1730803699,1992,2002,10
6128,1730798246,2002,1421,581
6129,1730796655,2002,1964,38
6130,1730796552,2001,1181,820
6131,1730796256,2091,2001,90
6132,1730795783,1181,2001,820
6133,1730795150,2091,2001,90
6134,1730793174,1183,2001,818
6135,1730792172,1161,2000,839
6136,1730779852,2205,2000,205
6137,1730705520,1879,2000,121
6138,1730705121,2000,660,1340
6139,1730626787,1999,177,1822
6140,1730626492,126,1999,1873
6141,1730538752,2386,1999,387
6142,1730462317,1999,2205,206
6143,1730387300,1999,1764,235
6144,1730384187,1744,1999,255
6145,1730291346,1744,1999,255
6146,1730291114,1998,2022,24
6147,1730273356,1880,1998,118
6148,1730256415,2249,1998,251
6149,1730254476,2249,1998,251
6150,1730214935,2046,1998,48
6151,1730208844,2046,1998,48
6152,1730122433,2019,1998,21
6153,1730102870,1998,2330,332
6154,1730101804,1997,2074,77
6155,1730101106,1997,2115,118
6156,1730098711,1807,1997,190
6157,1730098092,1997,1805,192
6158,1730097398,1995,1517,478
6159,1730096391,1994,1265,729
6160,1730096114,1994,1265,729
6161,1730094856,1740,1990,250
6162,1730094653,1003,1987,984
6163,1730094313,1986,829,1157
6164,1729754115,1220,1983,763
6165,1729478422,2137,1969,168
6166,1729477308,1967,1588,379
6167,1729476779,1963,1750,213
6168,1729476347,1960,1773,187
6169,1729475509,1852,1959,107
6170,1729475231,1959,1898,61
6171,1729438833,1953,1959,6
6172,1729437896,1959,1911,48
6173,1729436903,1958,1941,17
6174,1729436402,1958,1659,299
6175,1729435473,1659,1957,298
6176,1729435103,1957,2224,267
6177,1729433608,2018,1957,61
6178,1729433228,2109,1957,152
6179,1729432823,1957,2278,321
6180,1729431790,2109,1957,152
6181,1729430816,2109,1957,152
6182,1729430504,0,1956,1956
6183,1729429735,2109,1956,153
6184,1729429320,1845,1956,111
6185,1729428944,1956,1833,123
6186,1729428101,1956,2053,97
6187,1729427038,2053,1950,103
6188,1729425811,1681,1950,269
6189,1729424050,1949,2045,96
6190,1729423371,1949,1778,171
6191,1729422741,1949,2075,126
6192,1729421701,1778,1948,170
6193,1729421366,1778,1948,170
6194,1729420945,1947,1778,169
6195,1729418630,2042,1947,95
6196,1729416419,1947,1730,217
6197,1729414508,1901,1946,45
6198,1729412252,1946,902,1044
6199,1729409473,1946,2030,84
6200,1729409149,1946,1931,15
6201,1729408257,564,1945,1381
6202,1729406586,2407,1945,462
6203,1729405637,1945,2025,80
6204,1729405402,186,1945,1759
6205,1729404745,1945,2053,108
6206,1729403912,2265,1945,320
6207,1729403525,2110,1931,179
6208,1731589248,2134,2269,135
6209,1731583521,2008,2269,261
6210,1731478316,2021,2269,248
6211,1731475715,2269,1490,779
6212,1731410336,555,2269,1714
6213,1731403791,2164,2269,105
6214,1731403433,2164,2269,105
6215,1731402823,2269,1976,293
6216,1731402286,2269,2111,158
6217,1731402250,2269,1800,469
6218,1731401598,2269,1976,293
6219,1731400910,2269,1799,470
6220,1731400528,2269,0,2269
6221,1731396744,573,2269,1696
6222,1731395938,2269,1736,533
6223,1731395223,2269,1507,762
6224,1731388140,2462,2269,193
6225,1731380971,2269,1503,766
6226,1731380440,1863,2269,406
6227,1731380031,2269,1476,793
6228,1731339385,1776,2269,493
6229,1731337704,2269,1861,408
6230,1731336610,2269,1859,410
6231,1731336049,2113,2269,156
6232,1731333770,2269,1836,433
6233,1731324701,2269,1976,293
6234,1731308673,2269,210,2059
6235,1731308242,2269,170,2099
6236,1731307702,708,2269,1561
6237,1731307339,2269,50,2219
6238,1731306285,1368,2269,901
6239,1731305881,2269,1356,913
6240,1731305436,2269,1343,926
6241,1731303975,2268,1313,955
6242,1731303052,2268,1834,434
6243,1731302433,2268,0,2268
6244,1731301243,2268,2004,264
6245,1731301058,1093,2268,1175
6246,1731300681,2268,1093,1175
6247,1731250098,2268,1097,1171
6248,1731249615,2268,1372,896
6249,1731247733,717,2268,1551
6250,1731247294,2268,917,1351
6251,1731246654,1553,2268,715
6252,1731246286,1208,2268,1060
6253,1731246246,2268,0,2268
6254,1731245075,1805,2268,463
6255,1731229292,2444,2268,176
6256,1731221124,2259,2268,9
6257,1731212831,2268,2253,15
6258,1731211818,1748,2268,520
6259,1731211109,2268,1693,575
6260,1731210630,2268,884,1384
6261,1731208323,9,2268,2259
6262,1731072599,2268,1996,272
6263,1731071355,2253,2268,15
6264,1731070712,2253,2268,15
6265,1731069951,1452,2268,816
6266,1731044858,2268,2221,47
6267,1731043807,2268,597,1671
6268,1731043671,2268,1700,568
6269,1730896582,2268,121,2147
6270,1730872540,2409,2268,141
6271,1730871799,1581,2268,687
6272,1730871052,2406,2268,138
6273,1730865564,2268,1475,793
6274,1730810060,1979,2268,289
6275,1730799075,1484,2268,784
6276,1730797600,2268,1421,847
6277,1730792791,1163,2268,1105
6278,1730791721,2268,1397,871
6279,1730791130,2268,1212,1056
6280,1730774185,1150,2268,1118
6281,1730706339,2268,1445,823
6282,1730704350,2268,1244,1024
6283,1730703034,2268,1241,1027
6284,1730702277,1525,2268,743
6285,1730701893,2268,1525,743
6286,1730701359,2268,879,1389
6287,1730700828,0,2268,2268
6288,1730699565,2268,1375,893
6289,1730699055,2268,493,1775
6290,1730698227,2423,2268,155
6291,1730697699,0,2268,2268
6292,1730697119,0,2268,2268
6293,1730696061,2268,2560,292
6294,1730695425,2268,0,2268
6295,1730694939,0,2268,2268
6296,1730693506,2268,1956,312
6297,1730692956,2268,2559,291
6298,1730644847,2268,2143,125
6299,1730644069,2268,2143,125
6300,1730602141,2268,2143,125
6301,1730601300,854,2268,1414
6302,1730600504,1951,2268,317
6303,1730521769,2268,325,1943
6304,1730519479,2380,2268,112
6305,1730517742,883,2268,1385
6306,1730516833,2186,2268,82
6307,1730515945,2268,2186,82
6308,1731448943,2352,2004,348
6309,1726775275,2002,1888,114
6310,1726774933,2017,2002,15
6311,1724668061,1912,2001,89
6312,1724667115,1817,2000,183
6313,1724625565,1999,2021,22
6314,1724536470,1965,1999,34
6315,1724495479,1999,1972,27
6316,1724495007,2084,1999,85
6317,1724425245,2068,1997,71
6318,1724424346,2011,1996,15
6319,1724420048,1984,1996,12
6320,1724419434,2024,1996,28
6321,1724418950,1952,1996,44
6322,1724418182,1995,1978,17
6323,1724411267,2302,1995,307
6324,1724410426,2116,1995,121
6325,1724368791,1993,1984,9
6326,1724367503,1992,1984,8
6327,1724069155,1992,1979,13
6328,1724009416,1992,1953,39
6329,1724008256,1776,1992,216
6330,1724006672,1939,1992,53
6331,1724005942,1992,1895,97
6332,1723974921,1990,1811,179
6333,1723973762,1990,2165,175
6334,1723826570,1996,1990,6
6335,1723825723,2115,1990,125
6336,1723825350,1990,1937,53
6337,1723824192,1763,1990,227
6338,1723823842,1990,2229,239
6339,1723823398,1990,1956,34
6340,1723651485,1990,2129,139
6341,1723651253,2142,1990,152
6342,1723649920,2141,1990,151
6343,1723645446,1990,1535,455
6344,1723644615,2017,1981,36
6345,1723643582,2140,1970,170
6346,1723642872,1958,2162,204
6347,1723636125,1953,1936,17
6348,1723635448,1936,1951,15
6349,1723635096,1950,2060,110
6350,1723634293,1874,1948,74
6351,1723633909,1947,1874,73
6352,1723633665,2048,1947,101
6353,1723632768,2053,1947,106
6354,1723566661,1947,2079,132
6355,1723565958,1945,2035,90
6356,1723565480,2076,1945,131
6357,1723565163,1945,2373,428
6358,1723564473,1943,1989,46
6359,1723561799,2119,1943,176
6360,1723561243,1431,1942,511
6361,1723561016,1963,1942,21
6362,1723560671,2352,1942,410
6363,1723559676,2157,1940,217
6364,1723558652,1938,2034,96
6365,1723558171,2119,1938,181
6366,1723557610,1938,2006,68
6367,1723556804,1636,1938,302
6368,1723555930,1937,2137,200
6369,1723554905,1510,1937,427
6370,1723554079,1339,1935,596
6371,1723553051,1935,1268,667
6372,1723552577,1930,2118,188
6373,1723551989,1930,2151,221
6374,1723551035,2035,1919,116
6375,1723550004,2136,1907,229
6376,1723549137,2118,1894,224
6377,1723548476,1885,1833,52
6378,1723547766,2202,1885,317
6379,1723468812,2274,1875,399
6380,1723468559,1976,1863,113
6381,1723468031,1848,2143,295
6382,1723457601,1842,2133,291
6383,1723375948,2111,1842,269
6384,1723374727,1809,1840,31
6385,1723373806,1838,1920,82
6386,1723372773,1836,1787,49
6387,1723372301,1836,1774,62
6388,1723371827,1836,1928,92
6389,1723371335,1920,1834,86
6390,1723370679,1632,1832,200
6391,1723332685,2082,1832,250
6392,1723332346,1854,1832,22
6393,1723331729,2124,1832,292
6394,1723330316,2149,1829,320
6395,1723328465,1829,2075,246
6396,1723327933,2075,1829,246
6397,1723327045,1821,2082,261
6398,1723326683,1813,1819,6
6399,1723325911,1785,1819,34
6400,1723325050,1785,1809,24
6401,1723311356,1872,1805,67
6402,1723310889,2147,1805,342
6403,1723309406,1799,1875,76
6404,1723308144,1796,2002,206
6405,1723294344,1873,1794,79
6406,1723293514,1792,1873,81
6407,1723285052,1789,1679,110
6408,1724244395,1812,2288,476
6409,1724242986,1923,1793,130
6410,1724242548,1782,1923,141
6411,1724242152,1782,1835,53
6412,1724241908,1761,1939,178
6413,1724240657,1746,2287,541
6414,1724240047,1722,1831,109
6415,1724239446,1831,1697,134
6416,1724177566,2054,1693,361
6417,1724177097,1887,1665,222
6418,1724176719,1661,2053,392
6419,1724176133,2312,1652,660
6420,1724175824,2162,1638,524
6421,1724174159,1630,2225,595
6422,1724174060,1599,1645,46
6423,1724173675,2310,1589,721
6424,1724173051,1554,1645,91
6425,1724172454,1894,1516,378
6426,1724171460,1943,1511,432
6427,1724072204,2077,1469,608
6428,1724070911,1424,1735,311
6429,1724069787,1376,1876,500
6430,1724069495,1869,1325,544
6431,1724068604,1271,1764,493
6432,1724011935,1261,1801,540
6433,1724011229,1210,1189,21
6434,1724009644,1747,1144,603
6435,1724009108,1773,1074,699
6436,1724008394,1063,1911,848
6437,1724008224,981,1625,644
6438,1724007784,893,1740,847
6439,1724006035,798,1528,730
6440,1724005316,696,1518,822
6441,1722893300,1501,682,819
6442,1722723837,598,586,12
6443,1722722655,1397,572,825
6444,1722603607,564,313,251
6445,1722549935,463,497,34
6446,1722541777,435,1595,1160
6447,1722374755,300,836,536
6448,1722373725,159,656,497
6449,1722372838,28,167,139
6450,1722372138,0,0,0
6451,1722548448,219,465,246
6452,1722540660,73,374,301
6453,1722512099,245,720,475
6454,1722511189,514,116,398
6455,1722510589,60,1517,1457
6456,1722438930,613,0,613
6457,1723485750,1791,1033,758
6458,1723485570,1869,1024,845
6459,1723232990,920,1799,879
6460,1723232090,1768,809,959
6461,1723231220,1755,688,1067
6462,1723157969,1107,572,535
6463,1722616085,1529,432,1097
6464,1722605736,1514,393,1121
6465,1722605031,1387,232,1155
6466,1722604519,626,86,540
6467,1722604047,0,1456,1456
6468,1724259875,1987,2037,50
6469,1724132266,2021,1980,41
6470,1724131428,1972,2021,49
6471,1723987851,2222,1959,263
6472,1723987154,2116,1950,166
6473,1723985501,2044,1941,103
6474,1723900175,1867,1933,66
6475,1723899638,1930,2038,108
6476,1723898367,1930,2158,228
6477,1723897697,1919,1858,61
6478,1723897322,1909,2078,169
6479,1723897007,2073,1896,177
6480,1723896229,1875,2073,198
6481,1723895633,1857,1903,46
6482,1723895392,1966,1857,109
6483,1723754133,1767,1834,67
6484,1723747805,1809,2115,306
6485,1723747526,1803,2148,345
6486,1723746000,2065,1775,290
6487,1723745303,1773,2169,396
6488,1722616716,2047,1743,304
6489,1722608653,1908,1710,198
6490,1722607099,1676,1895,219
6491,1722542427,1413,1647,234
6492,1722540119,1803,1609,194
6493,1722539168,1992,1603,389
6494,1722538277,1561,1800,239
6495,1722537543,1517,1737,220
6496,1722537122,1508,1983,475
6497,1722536837,1982,1501,481
6498,1722535951,1445,1808,363
6499,1722535319,1384,1803,419
6500,1722516540,1325,1542,217
6501,1722515608,1882,1321,561
6502,1722513925,1951,1310,641
6503,1722512242,1999,1289,710
6504,1722511284,1202,1900,698
6505,1722510743,1108,1900,792
6506,1722510366,1075,1993,918
6507,1722440803,972,1572,600
6508,1722439216,859,1560,701
6509,1722438078,1580,736,844
6510,1722437234,1245,611,634
6511,1722435332,907,489,418
6512,1722434961,1427,336,1091
6513,1722377629,188,868,680
6514,1722376993,853,28,825
6515,1722376508,0,0,0
6516,1723159801,1714,538,1176
6517,1723159129,1600,385,1215
6518,1723158443,220,1502,1282
6519,1723065112,412,85,327
6520,1723064293,0,1372,1372
6521,1725051796,1613,1772,159
6522,1725051044,1772,2008,236
6523,1724629533,1772,1838,66
6524,1724628909,1807,1770,37
6525,1724628494,1820,1770,50
6526,1724627343,1848,1770,78
6527,1724626986,1768,1848,80
6528,1724612274,1913,1768,145
6529,1724610865,1729,1766,37
6530,1724610251,1766,1912,146
6531,1724605908,1944,1764,180
6532,1724605200,1911,1764,147
6533,1724596240,1762,1869,107
6534,1724595814,1762,1869,107
6535,1724595430,1785,1751,34
6536,1724590562,1714,1739,25
6537,1724547569,1729,1855,126
6538,1724546891,1739,1718,21
6539,1724546232,1706,1670,36
6540,1724544916,1940,1704,236
6541,1724543829,1638,1702,64
6542,1724543450,1702,1644,58
6543,1724539985,1700,1855,155
6544,1724538263,1700,1880,180
6545,1724536759,1855,1697,158
6546,1724536303,1855,1695,160
6547,1724534358,1693,1325,368
6548,1724533532,1693,1820,127
6549,1724533192,1691,1883,192
6550,1724522820,1691,1756,65
6551,1724522474,1891,1691,200
6552,1724521213,1691,1754,63
6553,1724520728,1691,1855,164
6554,1724519219,1678,1905,227
6555,1724517897,1669,1720,51
6556,1724516570,1783,1666,117
6557,1724516186,1783,1664,119
6558,1724513498,1661,1904,243
6559,1724512905,1661,1904,243
6560,1724512004,1659,1553,106
6561,1724511259,1822,1659,163
6562,1724508964,1751,1656,95
6563,1724495391,1656,1762,106
6564,1724494925,1656,1909,253
6565,1724452834,1654,1689,35
6566,1724452421,1651,1689,38
6567,1724451664,1651,1951,300
6568,1724451209,1651,1766,115
6569,1724450699,1651,1801,150
6570,1724449778,1801,1639,162
6571,1724449305,1781,1631,150
6572,1724448912,1629,1746,117
6573,1724448451,1626,1781,155
6574,1724447747,1626,1780,154
6575,1724445348,1854,1626,228
6576,1724444870,1854,1626,228
6577,1724443694,1889,1606,283
6578,1724443151,1606,1904,298
6579,1724442684,1799,1583,216
6580,1724442229,1583,1762,179
6581,1724441312,1558,1928,370
6582,1724440707,1532,1755,223
6583,1724439564,1749,1504,245
6584,1724438504,1654,1476,178
6585,1723598138,1475,1816,341
6586,1723597492,1707,1444,263
6587,1723597015,1440,1644,204
6588,1722976400,1439,1795,356
6589,1722975463,1283,1439,156
6590,1722967127,1461,1402,59
6591,1722966596,1508,1400,108
6592,1722964758,1550,1358,192
6593,1722963522,1313,1550,237
6594,1722963021,1461,1267,194
6595,1722962588,1267,547,720
6596,1722961978,1265,1504,239
6597,1722958883,1208,1654,446
6598,1722957855,1148,1654,506
6599,1722956689,1096,1087,9
6600,1722955739,1028,1572,544
6601,1722954655,963,1241,278
6602,1722954050,895,1127,232
6603,1722892671,845,447,398
6604,1722891843,623,784,161
6605,1722890813,1423,774,649
6606,1722885472,677,1432,755
6607,1722878138,584,1053,469
6608,1722877382,489,870,381
6609,1722876922,468,1134,666
6610,1722876334,1446,446,1000
6611,1722809858,1484,424,1060
6612,1722808813,1389,276,1113
6613,1722807851,115,1445,1330
6614,1722807684,817,82,735
6615,1722806452,0,1208,1208
6616,1724447952,1624,1133,491
6617,1724018712,1088,1090,2
6618,1724018681,1083,1653,570
6619,1724018616,1411,1077,334
6620,1724012423,1015,1539,524
6621,1723906614,199,1015,816
6622,1723882671,949,1332,383
6623,1723882064,886,1048,162
6624,1723881850,1619,873,746
6625,1723881713,812,809,3
6626,1723881146,854,738,116
6627,1723595733,735,57,678
6628,1723030692,1445,721,724
6629,1722982576,696,1594,898
6630,1722982076,681,1171,490
6631,1722980836,651,1763,1112
6632,1722979686,519,1700,1181
6633,1722978813,402,782,380
6634,1722978675,1540,251,1289
6635,1722978634,1182,92,1090
6636,1722977822,1538,42,1496
6637,1722977171,218,0,218
6638,1724437721,2164,1983,181
6639,1724437299,1983,2039,56
6640,1724436654,1971,1983,12
6641,1724436385,1983,2164,181
6642,1724431943,1982,2116,134
6643,1724431658,2116,1982,134
6644,1724430982,2164,1982,182
6645,1724430190,2031,1982,49
6646,1724429069,2031,1981,50
6647,1724428420,1980,2031,51
6648,1724428151,1980,1700,280
6649,1724424310,2178,1980,198
6650,1724423861,1980,1970,10
6651,1724422667,1980,2004,24
6652,1724421517,1980,2291,311
6653,1724420220,2227,1979,248
6654,1724419133,1978,1891,87
6655,1724418182,1995,1978,17
6656,1724011257,1978,1884,94
6657,1724010563,1977,1902,75
6658,1724009858,1833,1977,144
6659,1724009599,1818,1977,159
6660,1724009371,1818,1976,158
6661,1723906211,1976,2450,474
6662,1723905552,2449,1976,473
6663,1723905436,1976,2088,112
6664,1723905169,1976,2447,471
6665,1723881534,2150,1976,174
6666,1723594058,1871,1975,104
6667,1723593185,2038,1975,63
6668,1723592552,1973,2003,30
6669,1723591805,2003,1972,31
6670,1723591196,1971,2003,32
6671,1723590378,1971,1775,196
6672,1723589668,1970,1875,95
6673,1723589023,1970,2136,166
6674,1723588521,1970,1835,135
6675,1723586812,1970,1886,84
6676,1723563138,2008,1970,38
6677,1723561016,1963,1942,21
6678,1723559422,1986,1962,24
6679,1723559081,2340,1962,378
6680,1723558489,2115,1961,154
6681,1723558103,2115,1960,155
6682,1723557549,2119,1960,159
6683,1723556754,1958,2157,199
6684,1723555791,1827,1958,131
6685,1723555341,2230,1957,273
6686,1723554912,1957,1998,41
6687,1723554645,2228,1957,271
6688,1723554333,2228,1957,271
6689,1723552803,1957,2136,179
6690,1723551797,1916,1956,40
6691,1723550831,1931,1956,25
6692,1723549897,1956,2204,248
6693,1723503946,1693,1941,248
6694,1723499917,2222,1936,286
6695,1723498785,1936,2212,276
6696,1723497533,2007,1935,72
6697,1723496483,1866,1935,69
6698,1723493231,2121,1921,200
6699,1723489461,2120,1908,212
6700,1723485353,1907,1857,50
6701,1723484587,2165,1907,258
6702,1723484431,2150,1907,243
6703,1723482809,1923,1892,31
6704,1723479812,2141,1891,250
6705,1723479064,1850,1891,41
6706,1723476690,1889,1980,91
6707,1723420708,1995,1888,107
6708,1723420027,1888,2114,226
6709,1723419399,1948,1888,60
6710,1723417609,1877,1886,9
6711,1723415128,1885,1850,35
6712,1723413433,2114,1883,231
6713,1723412918,1882,2114,232
6714,1723412650,1882,2114,232
6715,1723412407,2114,1882,232
6716,1723410828,1923,1880,43
6717,1723409302,1879,1883,4
6718,1723408272,1877,1883,6
6719,1723407764,1877,1876,1
6720,1723407436,1877,1871,6
6721,1723406169,2004,1877,127
6722,1723405274,1877,1943,66
6723,1723404318,1866,1943,77
6724,1723403639,1857,1868,11
6725,1723403342,1855,1846,9
6726,1723403161,1835,1855,20
6727,1723395512,1824,1818,6
6728,1723394886,1814,1831,17
6729,1723390662,1807,1693,114
6730,1723390102,1807,2129,322
6731,1723388175,1873,1796,77
6732,1723385690,1790,1787,3
6733,1723384058,1643,1780,137
6734,1723383658,1995,1778,217
6735,1723382300,1980,1778,202
6736,1723381889,2116,1778,338
6737,1723381315,1980,1776,204
6738,1723394668,1597,785,812
6739,1723333510,683,1201,518
6740,1722883925,1539,564,975
6741,1722729400,1235,440,795
6742,1722549495,338,482,144
6743,1722548988,319,312,7
6744,1722548248,180,214,34
6745,1722435012,238,193,45
6746,1722373788,170,176,6
6747,1722373153,414,28,386
6748,1723061965,1829,1471,358
6749,1723058301,1829,1432,397
6750,1723057927,1883,1391,492
6751,1723051812,1347,1853,506
6752,1723039971,1820,1339,481
6753,1723034216,1769,1290,479
6754,1723032266,1631,1288,343
6755,1723030299,1960,1273,687
6756,1723029426,1793,1217,576
6757,1722988038,1215,1696,481
6758,1722987266,1203,1874,671
6759,1722893668,1135,1475,340
6760,1722893141,1112,1935,823
6761,1722886595,1753,1028,725
6762,1722880013,1749,938,811
6763,1722874468,1580,841,739
6764,1722872390,1648,818,830
6765,1722871600,805,1644,839
6766,1722861595,1167,697,470
6767,1722860822,599,671,72
6768,1722814673,1874,568,1306
6769,1722728991,732,449,283
6770,1722726942,342,259,83
6771,1722719837,959,191,768
6772,1722642297,899,28,871
6773,1722641587,0,0,0
6774,1723746231,1972,2171,199
6775,1723745776,1886,1972,86
6776,1723664165,1809,1972,163
6777,1723590811,1970,2161,191
6778,1723589695,1970,2161,191
6779,1723495928,2007,1969,38
6780,1723494860,1969,2147,178
6781,1723493791,2036,1967,69
6782,1723426455,1966,1927,39
6783,1723426014,2125,1964,161
6784,1723425212,2133,1964,169
6785,1723424521,1964,2026,62
6786,1723423850,1964,2131,167
6787,1723423268,1962,1995,33
6788,1723422545,1962,2022,60
6789,1723421696,2111,1962,149
6790,1723421067,1962,2109,147
6791,1723420466,1961,1847,114
6792,1723418915,2107,1961,146
6793,1723408764,2170,1961,209
6794,1723407136,1959,1994,35
6795,1723386529,1958,2152,194
6796,1723385529,1958,2125,167
6797,1723380314,2114,1958,156
6798,1723379397,2114,1956,158
6799,1723376205,1954,1810,144
6800,1723375708,1954,1979,25
6801,1723335032,1952,2123,171
6802,1723334387,1951,2123,172
6803,1723334209,2125,1951,174
6804,1723253446,2171,1951,220
6805,1723252401,1951,1883,68
6806,1723251902,1949,1883,66
6807,1723251343,1949,1943,6
6808,1723250883,1949,1933,16
6809,1723250008,1921,1949,28
6810,1723249450,1949,1915,34
6811,1723248508,1949,1913,36
6812,1723063149,2104,1943,161
6813,1723056291,1941,1980,39
6814,1723054652,1393,1939,546
6815,1723043449,1937,1844,93
6816,1723035536,1936,2130,194
6817,1723033153,1934,1784,150
6818,1722985980,1937,1932,5
6819,1722985023,2103,1930,173
6820,1722984488,1930,1954,24
6821,1722984324,1928,1954,26
6822,1722983959,1925,1928,3
6823,1722982803,1925,1759,166
6824,1722982364,1879,1925,46
6825,1722981265,1925,1987,62
6826,1722891232,1798,1923,125
6827,1722887941,1772,1921,149
6828,1722878286,1875,1919,44
6829,1722876139,1992,1917,75
6830,1722875389,1961,1917,44
6831,1722873255,1917,2064,147
6832,1722816083,2084,1917,167
6833,1722815698,1915,1754,161
6834,1722814169,1915,1849,66
6835,1722718889,1912,1920,8
6836,1722718391,1775,1910,135
6837,1722640789,1085,1908,823
6838,1722640480,1875,1905,30
6839,1722639217,1865,1905,40
6840,1722618633,1903,1795,108
6841,1722615991,1900,1783,117
6842,1722615477,1900,1732,168
6843,1722614231,1917,1900,17
6844,1722613521,1898,914,984
6845,1722612756,1895,1778,117
6846,1722608072,1856,1895,39
6847,1722607381,1895,1844,51
6848,1722607099,1676,1895,219
6849,1722605359,1895,1975,80
6850,1722602167,1893,1975,82
6851,1722601348,1973,1893,80
6852,1722599341,1890,1774,116
6853,1722598079,1887,1774,113
6854,1722597688,1250,1887,637
6855,1722535603,1887,1652,235
6856,1722535249,1887,1625,262
6857,1722533978,1887,1805,82
6858,1722533506,1887,1958,71
6859,1722533123,1885,1598,287
6860,1722532018,1885,1480,405
6861,1722531518,1885,1779,106
6862,1722471735,1455,1885,430
6863,1722471294,1882,1451,431
6864,1722471009,1604,1882,278
6865,1722463189,1882,1757,125
6866,1722461235,1803,1878,75
6867,1722460318,1671,1878,207
6868,1722459542,1878,1640,238
6869,1722459161,1319,1878,559
6870,1722457766,1864,1853,11
6871,1722457004,1829,1795,34
6872,1722456582,1805,1634,171
6873,1722455417,1790,1554,236
6874,1724547841,1969,1670,299
6875,1724547234,1940,1670,270
6876,1724546641,1934,1670,264
6877,1724546232,1706,1670,36
6878,1724545830,1934,1670,264
6879,1724545549,1667,2012,345
6880,1724543450,1702,1644,58
6881,1724542889,1667,1621,46
6882,1724541131,1918,1596,322
6883,1724540215,1596,1852,256
6884,1724540178,865,1579,714
6885,1724540152,1563,850,713
6886,1724539508,1535,1855,320
6887,1724533824,1805,1505,300
6888,1724532960,1795,1502,293
6889,1724532657,1462,1502,40
6890,1724532337,1798,1469,329
6891,1724531882,1820,1433,387
6892,1724531454,1827,1396,431
6893,1724498891,1356,1632,276
6894,1724498097,1902,1351,551
6895,1724496718,1848,1307,541
6896,1724496136,1260,1694,434
6897,1724495870,1258,1756,498
6898,1724495106,1205,1738,533
6899,1724494595,1685,1198,487
6900,1724494293,1683,1138,545
6901,1724493985,1127,1719,592
6902,1724493669,1718,1121,597
6903,1724485863,1736,1047,689
6904,1724484905,967,1597,630
6905,1724462546,1469,881,588
6906,1724461937,988,803,185
6907,1724460983,1592,787,805
6908,1724460766,772,1822,1050
6909,1724460026,760,1415,655
6910,1722498809,638,1482,844
6911,1722497895,506,1445,939
6912,1722496935,1476,362,1114
6913,1722496171,200,256,56
6914,1722495813,1487,212,1275
6915,1722495023,69,535,466
6916,1722494294,806,0,806
6917,1724459741,1917,1237,680
6918,1723452637,1716,1171,545
6919,1723446583,1781,1100,681
6920,1723444933,1024,1700,676
6921,1723444215,1570,941,629
6922,1723443520,853,1636,783
6923,1723442621,1603,848,755
6924,1723400768,1630,837,793
6925,1723400131,820,1747,927
6926,1723399457,1736,701,1035
6927,1723398432,1669,573,1096
6928,1723354736,1713,435,1278
6929,1723353720,398,1598,1200
6930,1723353463,246,1169,923
6931,1723352161,75,1285,1210
6932,1723351392,0,982,982
6933,1724479429,1972,1968,4
6934,1724478797,1937,1967,30
6935,1724478389,1867,1967,100
6936,1724477058,1965,1966,1
6937,1724466324,1966,2309,343
6938,1724465532,1966,2146,180
6939,1724464636,2267,1966,301
6940,1724464282,2087,1966,121
6941,1724464189,2079,1966,113
6942,1724451623,1959,2020,61
6943,1724450600,1958,2116,158
6944,1724449386,1958,2031,73
6945,1724448915,1958,2116,158
6946,1724447510,2031,1957,74
6947,1724441860,2116,1956,160
6948,1724441282,2116,1956,160
6949,1724440291,1844,1955,111
6950,1724439037,1955,2165,210
6951,1724438643,2164,1955,209
6952,1724437742,2041,1955,86
6953,1724436827,2164,1954,210
6954,1724396867,2017,1954,63
6955,1724396576,1954,1217,737
6956,1724396113,2294,1954,340
6957,1724395143,1954,2017,63
6958,1724393547,2017,1953,64
6959,1724392427,1675,1952,277
6960,1724391984,2017,1952,65
6961,1724391567,1951,1919,32
6962,1724388458,1930,1950,20
6963,1724388049,1874,1949,75
6964,1724387131,1949,1874,75
6965,1724386606,1941,1948,7
6966,1724385914,1889,1948,59
6967,1724384996,1889,1947,58
6968,1724383794,2144,1947,197
6969,1724382976,1722,1947,225
6970,1723399380,1927,1947,20
6971,1723335229,1972,1946,26
6972,1723321848,1946,1813,133
6973,1723321421,1812,1946,134
6974,1723320720,1945,1792,153
6975,1723320021,1945,1780,165
6976,1723318245,1945,1945,0
6977,1723317627,1944,1749,195
6978,1723284587,1955,1944,11
6979,1723283902,1944,1913,31
6980,1723282299,1944,1857,87
6981,1723281485,1943,1588,355
6982,1723277325,1942,1943,1
6983,1723273509,1876,1941,65
6984,1723271522,1872,1941,69
6985,1723270928,1941,1494,447
6986,1723270159,1901,1940,39
6987,1723268892,1755,1940,185
6988,1723268416,2094,1940,154
6989,1723267602,1939,1722,217
6990,1723261110,1939,1831,108
6991,1723257507,1874,1938,64
6992,1723255765,1938,1886,52
6993,1723255142,1797,1938,141
6994,1723254443,1794,1938,144
6995,1723251779,1937,1872,65
6996,1723243297,1936,1849,87
6997,1723242215,1904,1936,32
6998,1723240390,1936,2098,162
6999,1723239835,1973,1935,38
7000,1723238146,1934,1640,294
7001,1723234612,1886,1934,48
7002,1723233787,1933,1764,169
7003,1723232696,1932,1890,42
7004,1723203288,1931,1874,57
7005,1723202585,1930,1896,34
7006,1723201368,1930,1838,92
7007,1723200550,1836,1930,94
7008,1723196811,1929,1457,472
7009,1723196356,1978,1929,49
7010,1723195800,1890,1929,39
7011,1723195007,1929,1897,32
7012,1723194212,1614,1928,314
7013,1723193601,2078,1928,150
7014,1723193299,1928,1875,53
7015,1723192292,1859,1928,69
7016,1723189772,1927,2078,151
7017,1723188997,1833,1927,94
7018,1723185053,1926,1870,56
7019,1723183964,2077,1926,151
7020,1723183220,1926,1847,79
7021,1723177563,1749,1926,177
7022,1723175834,1925,1388,537
7023,1723172372,2076,1925,151
7024,1723170643,1925,1809,116
7025,1723170411,1925,1940,15
7026,1723169628,1925,1938,13
7027,1723167546,1950,1925,25
7028,1723166105,1924,1883,41
7029,1723165660,1924,1808,116
7030,1723164656,2105,1924,181
7031,1723164613,1915,1283,632
7032,1723164527,1202,1906,704
7033,1727988245,1485,1708,223
7034,1727987897,1485,1780,295
7035,1727986816,1485,1684,199
7036,1727986605,1683,1485,198
7037,1724459283,1730,1484,246
7038,1724457934,1483,1719,236
7039,1724457068,1714,1483,231
7040,1724455886,1455,1551,96
7041,1724455090,1454,1724,270
7042,1724455027,1551,1424,127
7043,1724451047,1424,1719,295
7044,1724450039,1424,641,783
7045,1724449173,1422,1735,313
7046,1724447484,1386,1699,313
7047,1724446688,1761,1381,380
7048,1724445912,1928,1340,588
7049,1724283958,1202,1304,102
7050,1724283003,1303,1617,314
7051,1723516844,1791,1255,536
7052,1723176078,1247,1759,512
7053,1723176027,1192,1659,467
7054,1723092844,1164,258,906
7055,1723091186,1702,1103,599
7056,1723090581,1585,1096,489
7057,1723089140,1096,684,412
7058,1723088470,1039,1006,33
7059,1723086642,985,755,230
7060,1723008166,985,1514,529
7061,1723004785,1554,899,655
7062,1723001025,806,1569,763
7063,1723000291,1592,786,806
7064,1722999248,678,1646,968
7065,1722998606,1707,654,1053
7066,1722746480,638,1355,717
7067,1722739052,507,1362,855
7068,1722661572,1562,472,1090
7069,1722490646,1526,314,1212
7070,1722489437,184,507,323
7071,1722488182,737,28,709
7072,1722487574,0,0,0
7073,1726785103,1717,1338,379
7074,1726784906,1300,1699,399
7075,1724552545,1298,1599,301
7076,1724289828,1296,1739,443
7077,1724288654,1294,1707,413
7078,1724287717,1292,1626,334
7079,1724287048,1712,1241,471
7080,1724219940,1234,1759,525
7081,1724219510,1176,1686,510
7082,1724219103,1757,1113,644
7083,1724218033,1073,672,401
7084,1724217176,1073,391,682
7085,1724216621,1001,1664,663
7086,1724216083,1214,931,283
7087,1724215817,888,206,682
7088,1724214963,1750,878,872
7089,1723873665,867,1601,734
7090,1723695720,768,1591,823
7091,1723694719,1608,751,857
7092,1723693635,1570,636,934
7093,1723692602,1568,615,953
7094,1723685027,1633,480,1153
7095,1723515679,743,360,383
7096,1723514920,1048,216,832
7097,1723174624,1521,176,1345
7098,1723174420,58,0,58
7099,1722740731,576,0,576
7100,1728431997,1840,1962,122
7101,1728431159,1840,1954,114
7102,1728429944,1949,2235,286
7103,1728428082,2315,1941,374
7104,1728424532,1853,1937,84
7105,1728181407,2391,1937,454
7106,1728180004,1999,1935,64
7107,1728178270,2389,1935,454
7108,1728174544,2361,1935,426
7109,1728172018,1935,2260,325
7110,1728169799,1930,1015,915
7111,1726979566,1924,1838,86
7112,1726978475,1924,2250,326
7113,1726977583,2062,1919,143
7114,1726976153,1763,1918,155
7115,1726974160,1918,1891,27
7116,1726972556,1918,2036,118
7117,1726972054,2045,1913,132
7118,1726971527,2202,1913,289
7119,1726970881,2198,1913,285
7120,1726968807,1913,1889,24
7121,1726900784,1692,1912,220
7122,1726888152,2030,1911,119
7123,1726884458,1782,1911,129
7124,1726882195,2059,1911,148
7125,1726879828,2055,1911,144
7126,1726877456,1911,1876,35
7127,1726876450,2048,1911,137
7128,1726810176,1910,1965,55
7129,1726808529,1910,1821,89
7130,1726373058,1909,1878,31
7131,1726370293,1735,1908,173
7132,1726369691,1908,1891,17
7133,1726367555,2065,1908,157
7134,1726366892,2060,1908,152
7135,1726366302,2055,1908,147
7136,1726364634,1816,1908,92
7137,1726362742,1837,1907,70
7138,1726210501,1896,1906,10
7139,1726118636,1906,1376,530
7140,1726117261,1906,1718,188
7141,1726116244,1905,1717,188
7142,1725930759,1829,1905,76
7143,1724628229,1940,1905,35
7144,1724281008,1904,1940,36
7145,1724280237,1904,1932,28
7146,1724279612,1903,1932,29
7147,1724277599,1956,1903,53
7148,1724275870,1922,1902,20
7149,1724275512,1902,1940,38
7150,1724274633,1991,1901,90
7151,1724273439,1901,1849,52
7152,1724213968,1901,1657,244
7153,1724207918,1901,1633,268
7154,1724207375,1901,1608,293
7155,1724206930,1843,1900,57
7156,1724205735,1900,1582,318
7157,1724203694,1792,1899,107
7158,1724200340,1884,1898,14
7159,1724200006,2116,1898,218
7160,1724198015,1898,1493,405
7161,1724195502,1910,1897,13
7162,1724194242,1823,1896,73
7163,1724193457,2026,1896,130
7164,1724133456,1895,1488,407
7165,1724132243,1907,1895,12
7166,1724131882,1920,1895,25
7167,1724130888,1894,2065,171
7168,1724130630,1894,1812,82
7169,1724127307,1773,1894,121
7170,1724126156,1915,1894,21
7171,1724125264,2116,1894,222
7172,1724124484,2116,1893,223
7173,1724043968,1855,1892,37
7174,1724042434,1733,1891,158
7175,1724040018,1890,1278,612
7176,1724039236,1657,1889,232
7177,1724037881,1888,1277,611
7178,1724037468,1661,1887,226
7179,1724036595,1887,1215,672
7180,1724032557,1887,1767,120
7181,1724031025,1841,1887,46
7182,1724030577,1887,1812,75
7183,1724028671,1840,1886,46
7184,1724026846,1811,1885,74
7185,1723956935,1601,1884,283
7186,1723956238,1884,1143,741
7187,1723954352,1884,1067,817
7188,1723951602,1883,1846,37
7189,1723949440,1883,1997,114
7190,1723948477,1818,1882,64
7191,1723947949,1818,1881,63
7192,1723945677,1880,1910,30
7193,1723944818,1910,1879,31
7194,1723943544,1879,1839,40
7195,1723941864,1716,1879,163
7196,1723940159,1879,1904,25
7197,1723869146,1878,1744,134
7198,1723866762,1653,1878,225
7199,1723866222,1877,1067,810
7200,1727009772,1955,1986,31
7201,1727008398,2016,1944,72
7202,1727007704,1944,1886,58
7203,1727007258,1944,2012,68
7204,1727003240,1927,1939,12
7205,1727002302,1939,1923,16
7206,1727001754,1923,1955,32
7207,1727001261,1922,1940,18
7208,1727000222,1922,1940,18
7209,1726998875,2173,1910,263
7210,1726938745,1909,1849,60
7211,1726937828,1909,2000,91
7212,1726935095,1909,1988,79
7213,1726933477,1909,1907,2
7214,1726932706,1880,1909,29
7215,1726931891,1903,1847,56
7216,1726924207,1736,1903,167
7217,1726923521,1851,1894,43
7218,1726920779,1881,2069,188
7219,1726919874,1876,1940,64
7220,1726918642,1876,2096,220
7221,1726918022,1867,1850,17
7222,1726917096,1956,1860,96
7223,1726916271,1860,1849,11
7224,1726915112,1860,2006,146
7225,1726913629,1859,1805,54
7226,1726912659,1805,1858,53
7227,1726865053,1848,1857,9
7228,1726863208,1902,1857,45
7229,1726862323,1920,1857,63
7230,1726861816,1822,1856,34
7231,1726860659,1856,1796,60
7232,1726860364,1856,1817,39
7233,1726860107,1856,2005,149
7234,1726858613,1856,1771,85
7235,1726857499,2067,1856,211
7236,1726856670,2067,1855,212
7237,1726856122,1854,1882,28
7238,1726855365,1619,1853,234
7239,1726854081,1853,1623,230
7240,1726853431,1853,1857,4
7241,1726852607,1852,1863,11
7242,1726852346,2108,1852,256
7243,1725098899,1912,1851,61
7244,1725097874,1851,1975,124
7245,1725097369,1948,1851,97
7246,1725096215,1850,1766,84
7247,1725095178,1984,1850,134
7248,1724778391,1801,1850,49
7249,1724777841,1801,1849,48
7250,1724776839,1801,1848,47
7251,1724776495,1877,1848,29
7252,1724775823,1792,1848,56
7253,1724775264,1848,1877,29
7254,1724774331,1973,1847,126
7255,1724773604,1847,1972,125
7256,1724773052,1972,1847,125
7257,1724772496,1984,1837,147
7258,1724687354,1826,1984,158
7259,1724686615,1984,1817,167
7260,1724685721,1908,1816,92
7261,1724685256,1816,1948,132
7262,1724586627,1297,1815,518
7263,1724585172,1814,1951,137
7264,1724584009,1769,1813,44
7265,1724580279,1904,1812,92
7266,1724579642,1811,1904,93
7267,1724578228,1759,1810,51
7268,1724577723,1810,1865,55
7269,1724577221,1809,1825,16
7270,1724575819,1808,1663,145
7271,1724575067,1807,1823,16
7272,1724574703,1807,1823,16
7273,1724573535,1910,1807,103
7274,1724507080,1806,1211,595
7275,1724506944,1806,1578,228
7276,1724506400,1805,1794,11
7277,1724505438,1805,1821,16
7278,1724504529,2012,1805,207
7279,1724504192,1803,1850,47
7280,1724502494,1871,1802,69
7281,1724501339,1902,1802,100
7282,1724500440,1801,1902,101
7283,1724499808,1800,1852,52
7284,1724498777,1799,1720,79
7285,1723741834,1844,1799,45
7286,1723741288,789,1799,1010
7287,1723740545,1799,1816,17
7288,1723740478,1797,1735,62
7289,1723739593,1816,1796,20
7290,1723738995,1806,1796,10
7291,1723738300,1796,1712,84
7292,1723647628,1851,1796,55
7293,1723646686,1808,1795,13
7294,1723646160,1808,1794,14
7295,1723645446,1794,1807,13
7296,1723644455,1794,1265,529
7297,1723384145,1795,1792,3
7298,1723383456,1830,1791,39
7299,1723382900,1798,1790,8
7300,1731372647,2446,1215,1231
7301,1731240994,2443,2160,283
7302,1731240698,2439,2160,279
7303,1731240301,2433,2272,161
7304,1731239779,2432,1746,686
7305,1731239709,47,2431,2384
7306,1731239142,0,2431,2431
7307,1731238864,1746,2430,684
7308,1731238575,2429,1469,960
7309,1731195746,994,2429,1435
7310,1731195574,2429,994,1435
7311,1731194913,297,2428,2131
7312,1731194429,1158,2428,1270
7313,1731194050,1745,2427,682
7314,1731193393,2427,1519,908
7315,1731193134,2426,1033,1393
7316,1731192813,1033,2426,1393
7317,1731192602,814,2426,1612
7318,1731192301,39,2425,2386
7319,1731191892,0,2424,2424
7320,1731191289,2422,2047,375
7321,1731191179,2422,824,1598
7322,1731190904,45,2421,2376
7323,1731190756,1815,2420,605
7324,1731189866,1766,2420,654
7325,1731189267,2419,1304,1115
7326,1731188658,2419,1709,710
7327,1730761789,2413,2236,177
7328,1730207745,2412,1662,750
7329,1730206658,2076,2411,335
7330,1730206247,1544,2410,866
7331,1730158528,1315,2410,1095
7332,1730158488,2409,1462,947
7333,1730158010,2409,1951,458
7334,1730157345,2409,2205,204
7335,1729007878,2333,2409,76
7336,1729007035,2406,692,1714
7337,1728999780,2104,2404,300
7338,1728999027,2402,2104,298
7339,1728997392,2400,2104,296
7340,1728996925,2398,2104,294
7341,1728996532,2395,2104,291
7342,1728996143,2393,2104,289
7343,1728995515,2392,1737,655
7344,1728994686,2386,2383,3
7345,1728994150,2374,2386,12
7346,1728993101,2386,2364,22
7347,1728992639,2361,2104,257
7348,1728992307,2360,0,2360
7349,1728988632,2341,2350,9
7350,1728988094,2345,2194,151
7351,1728987798,2340,2194,146
7352,1728987225,1651,2339,688
7353,1728987185,2337,1797,540
7354,1728986440,2335,1842,493
7355,1728986045,2333,1943,390
7356,1728985461,2193,2327,134
7357,1728983424,2326,43,2283
7358,1728982793,1570,2325,755
7359,1728982523,2323,1279,1044
7360,1728949840,2317,1971,346
7361,1728949476,2316,1753,563
7362,1728948811,2083,2313,230
7363,1728948268,2307,2086,221
7364,1728947921,2304,2083,221
7365,1728947464,2300,2104,196
7366,1728947206,2296,2104,192
7367,1728945821,2083,2294,211
7368,1728944838,1897,2293,396
7369,1728913899,2292,1971,321
7370,1728908816,2292,660,1632
7371,1728907460,2292,1092,1200
7372,1728761505,2289,1957,332
7373,1728760962,2284,1572,712
7374,1728760643,1939,2281,342
7375,1728757329,2277,2025,252
7376,1728756895,2276,2081,195
7377,1728756287,2276,2495,219
7378,1728755524,2273,1135,1138
7379,1728753278,1957,2270,313
7380,1728752553,2269,1957,312
7381,1728750798,2268,1937,331
7382,1728647446,2268,1009,1259
7383,1728647050,2267,1519,748
7384,1728646738,0,2266,2266
7385,1728646141,1950,2266,316
7386,1728645481,2265,1695,570
7387,1728645454,1695,2264,569
7388,1728644971,1695,2263,568
7389,1728644099,2263,1939,324
7390,1728393282,1947,2259,312
7391,1727357973,1936,2255,319
7392,1727206715,2245,2459,214
7393,1727205642,1925,2242,317
7394,1727204987,2241,1890,351
7395,1727204318,1997,2241,244
7396,1727202816,2241,2373,132
7397,1727202455,2373,2229,144
7398,1727202100,2225,1945,280
7399,1727200542,2220,2106,114
7400,1723824704,1985,1965,20
7401,1723824472,2230,1965,265
7402,1723823786,1965,1974,9
7403,1723823398,1990,1956,34
7404,1723823100,1946,2229,283
7405,1723822421,2228,1946,282
7406,1723815781,2219,1930,289
7407,1723814411,2219,1919,300
7408,1723813218,1919,2217,298
7409,1723812642,1913,2217,304
7410,1723811675,1913,2075,162
7411,1723811336,2075,1901,174
7412,1723811011,1972,1892,80
7413,1723809558,1882,1972,90
7414,1723808478,2035,1870,165
7415,1723808001,1977,1859,118
7416,1723805989,1976,1849,127
7417,1723805444,1976,1831,145
7418,1723804262,2174,1815,359
7419,1723803214,1815,2054,239
7420,1723802300,2174,1796,378
7421,1723801646,2174,1796,378
7422,1723800478,2087,1796,291
7423,1723797300,1796,2053,257
7424,1723796901,1996,1773,223
7425,1723796304,2085,1773,312
7426,1723795497,1763,1979,216
7427,1723795347,1978,1763,215
7428,1723409107,1963,1763,200
7429,1723408853,1963,1733,230
7430,1723408165,1727,2072,345
7431,1723407574,2168,1697,471
7432,1723405441,2156,1697,459
7433,1723403197,1661,2197,536
7434,1723402724,1623,1861,238
7435,1723401961,1991,1623,368
7436,1723401451,1928,1587,341
7437,1723322345,1587,2113,526
7438,1723317121,1989,1537,452
7439,1723316762,1487,2090,603
7440,1723316151,1874,1434,440
7441,1723315716,1376,1988,612
7442,1723309680,1361,2146,785
7443,1723309343,1917,1294,623
7444,1723308937,1222,1944,722
7445,1723308562,1200,1983,783
7446,1723307227,1927,1116,811
7447,1723307049,1025,1913,888
7448,1723306660,1890,929,961
7449,1723306007,1926,905,1021
7450,1723304215,1594,792,802
7451,1723303982,670,1594,924
7452,1723303633,1688,538,1150
7453,1723303430,396,1458,1062
7454,1723303103,290,256,34
7455,1723302292,1716,247,1469
7456,1723302157,1538,72,1466
7457,1723302001,0,883,883
7458,1726996106,1582,1722,140
7459,1724852345,1582,1858,276
7460,1724850924,1560,1777,217
7461,1724850713,1952,1560,392
7462,1724850491,1952,1560,392
7463,1724849646,1778,1560,218
7464,1724848581,1537,1715,178
7465,1724847836,1537,1910,373
7466,1724846937,1537,1910,373
7467,1724846494,1793,1507,286
7468,1724846136,1793,1475,318
7469,1724845441,1441,1746,305
7470,1724844944,1406,1797,391
7471,1724843287,1368,1770,402
7472,1724842416,1329,1636,307
7473,1724841804,1329,1697,368
7474,1724840876,1284,1551,267
7475,1724766466,1589,1237,352
7476,1724765984,1237,1614,377
7477,1724765039,1230,1728,498
7478,1724762840,1692,1172,520
7479,1724762382,1719,1161,558
7480,1724578032,1154,1768,614
7481,1724416826,1145,1863,718
7482,1724319718,1821,1069,752
7483,1724319252,1581,987,594
7484,1724067655,1648,899,749
7485,1723968580,807,1365,558
7486,1723804984,1514,704,810
7487,1723804714,1563,594,969
7488,1723752060,519,246,273
7489,1723751145,491,1637,1146
7490,1723734229,167,405,238
7491,1723732372,323,0,323
7492,1723633128,1438,295,1143
7493,1723629748,259,1658,1399
7494,1723627160,85,1595,1510
7495,1723625646,1344,0,1344
7496,1727266472,2013,1961,52
7497,1727266190,2348,1961,387
7498,1727266014,1961,2347,386
7499,1727265685,1961,2347,386
7500,1727264660,1961,2346,385
7501,1727264238,1961,2346,385
7502,1727263834,1961,2345,384
7503,1727263346,1961,2345,384
7504,1727262579,1961,1778,183
7505,1727261558,1960,1751,209
7506,1727260493,1960,1884,76
7507,1727258648,1959,1886,73
7508,1727257661,1959,1886,73
7509,1727256275,1959,1922,37
7510,1727256037,2131,1958,173
7511,1727008956,2358,1958,400
7512,1727007625,1957,1905,52
7513,1727006453,2010,1956,54
7514,1727005045,2010,1956,54
7515,1727003777,1956,1907,49
7516,1727001754,1923,1955,32
7517,1727001272,1954,2344,390
7518,1727001089,2343,1954,389
7519,1726998268,1891,1954,63
7520,1726997219,1954,2172,218
7521,1726921228,1913,1953,40
7522,1726919744,1953,1528,425
7523,1726916810,1678,1953,275
7524,1726915231,2459,1953,506
7525,1725106363,2002,1953,49
7526,1725106204,2002,1953,49
7527,1725105487,2001,1953,48
7528,1725104869,1830,1952,122
7529,1725103798,1970,1952,18
7530,1725103044,2190,1952,238
7531,1725102419,1951,2190,239
7532,1725101339,2116,1950,166
7533,1725099788,1950,2001,51
7534,1725099536,1949,1912,37
7535,1725098270,1948,1984,36
7536,1725097369,1948,1851,97
7537,1725096539,1947,1904,43
7538,1725095602,1957,1947,10
7539,1724837930,2295,1947,348
7540,1724836567,1947,1974,27
7541,1724836048,1947,2406,459
7542,1724762821,1571,1947,376
7543,1724762211,1946,1197,749
7544,1724761784,841,1946,1105
7545,1724761211,2290,1946,344
7546,1724760576,1946,2322,376
7547,1724760424,2319,1946,373
7548,1724760050,1946,2289,343
7549,1724759354,1946,2288,342
7550,1724758258,1945,1834,111
7551,1724757032,1945,2293,348
7552,1724752036,1944,1909,35
7553,1724751948,1943,1936,7
7554,1724751405,1928,1943,15
7555,1724751240,1942,805,1137
7556,1724749753,1942,1927,15
7557,1724749609,1856,1941,85
7558,1724749447,1856,1940,84
7559,1724676372,1859,1940,81
7560,1724675694,2074,1940,134
7561,1724674399,1953,1940,13
7562,1724673705,1940,1855,85
7563,1724672706,2263,1940,323
7564,1724672003,1852,1939,87
7565,1724671499,1852,1938,86
7566,1724671255,1937,1852,85
7567,1724670335,1852,1936,84
7568,1724669609,1850,1936,86
7569,1724669093,1935,1850,85
7570,1724668297,1934,1924,10
7571,1724667433,1934,2030,96
7572,1724666850,1934,1840,94
7573,1724665855,1829,1934,105
7574,1724665609,1924,1933,9
7575,1724665277,1932,1924,8
7576,1724664889,2088,1931,157
7577,1724664690,1930,1924,6
7578,1724664244,1930,2087,157
7579,1724663582,1930,2086,156
7580,1724662245,1930,2097,167
7581,1724661516,1930,2097,167
7582,1724660354,1929,2086,157
7583,1724659443,2248,1929,319
7584,1724658947,1709,1929,220
7585,1724588451,1929,2185,256
7586,1724587067,2185,1929,256
7587,1724586506,2046,1929,117
7588,1724585883,2204,1929,275
7589,1724584969,1929,2079,150
7590,1724584167,2078,1929,149
7591,1724583955,2116,1929,187
7592,1724582866,2073,1916,157
7593,1724581603,1910,2073,163
7594,1724580895,2073,1910,163
7595,1724580674,2131,1909,222
7596,1726999770,1829,1130,699
7597,1726999268,1115,1827,712
7598,1725103254,1664,1045,619
7599,1725094956,1042,1752,710
7600,1724764427,1612,962,650
7601,1724145483,1587,876,711
7602,1724143957,1278,787,491
7603,1724069936,1555,773,782
7604,1724069580,754,1761,1007
7605,1724069105,1614,637,977
7606,1724068830,1710,609,1101
7607,1724068278,490,968,478
7608,1723968921,1365,346,1019
7609,1723880731,315,1103,788
7610,1723809395,148,1312,1164
7611,1723798902,28,0,28
7612,1723628363,0,0,0
7613,1724688582,264,1474,1210
7614,1724375590,1365,109,1256
7615,1724375109,0,570,570
7616,1722522285,0,0,0
7617,1722363384,0,0,0
7618,1725177889,1642,206,1436
7619,1725177413,1372,28,1344
7620,1724374708,0,0,0
7621,1729533326,1839,1954,115
7622,1729532401,1954,1829,125
7623,1727649935,1954,1925,29
7624,1725600269,1806,1954,148
7625,1725599491,2160,1954,206
7626,1725598476,1697,1954,257
7627,1725597349,1729,1954,225
7628,1725596759,1859,1954,95
7629,1725595788,1954,1794,160
7630,1725251320,1954,1879,75
7631,1725250800,1954,1984,30
7632,1724884851,1879,1953,74
7633,1724711957,1953,1841,112
7634,1724582280,1953,1844,109
7635,1724581484,1953,1856,97
7636,1724581059,1953,1834,119
7637,1724516075,2036,1953,83
7638,1724514822,1953,1755,198
7639,1724514226,1953,2476,523
7640,1724513192,1953,1980,27
7641,1724512410,1953,1972,19
7642,1724511297,1953,1972,19
7643,1724430000,1902,1953,51
7644,1724428885,1971,1953,18
7645,1724428392,2227,1953,274
7646,1724427897,1953,1970,17
7647,1724427677,1973,1952,21
7648,1724421914,1876,1952,76
7649,1724421201,1984,1952,32
7650,1724419996,1952,1880,72
7651,1724419736,1952,1817,135
7652,1724418950,1952,1996,44
7653,1724417833,1952,1836,116
7654,1724416996,1952,2031,79
7655,1724415704,2031,1952,79
7656,1724415471,1952,2475,523
7657,1724411161,1952,1945,7
7658,1724409974,1703,1951,248
7659,1724376465,1964,1951,13
7660,1724373897,1888,1951,63
7661,1724373193,1951,2174,223
7662,1724371624,1951,1876,75
7663,1724370405,1991,1951,40
7664,1724369602,1951,1991,40
7665,1724369498,1950,1991,41
7666,1724368741,1851,1950,99
7667,1724367690,1950,1693,257
7668,1724348972,1950,2237,287
7669,1724347759,1950,1989,39
7670,1724346969,1950,2237,287
7671,1724346353,1950,1926,24
7672,1724345660,1950,1906,44
7673,1724345254,1884,1950,66
7674,1724316615,2116,1942,174
7675,1724316031,2080,1941,139
7676,1724315873,2080,1941,139
7677,1724301713,1941,1802,139
7678,1724300167,1941,2142,201
7679,1724299910,1941,1822,119
7680,1724254459,1941,1928,13
7681,1724254161,1940,1928,12
7682,1724252653,1940,1844,96
7683,1724252102,1840,1940,100
7684,1724102528,1940,1911,29
7685,1724101274,1940,2020,80
7686,1724100063,1940,1757,183
7687,1724098854,2326,1940,386
7688,1724097939,1939,1855,84
7689,1724097045,1853,1939,86
7690,1724006672,1939,1992,53
7691,1724006021,1939,1797,142
7692,1724005289,1981,1939,42
7693,1724004415,1981,1939,42
7694,1723991296,1916,1939,23
7695,1723991013,2065,1939,126
7696,1723954055,1938,1999,61
7697,1723953155,1938,1998,60
7698,1723952235,1998,1938,60
7699,1723951481,1938,1822,116
7700,1723950777,1093,1938,845
7701,1723949722,1938,1861,77
7702,1723937080,1905,1938,33
7703,1723936606,1858,1938,80
7704,1723738377,1927,1937,10
7705,1723737867,1927,1937,10
7706,1723737503,1742,1937,195
7707,1723736462,1943,1937,6
7708,1723735314,1937,1811,126
7709,1723734716,1404,1936,532
7710,1723734300,1936,1591,345
7711,1723733901,1686,1936,250
7712,1723733037,1942,1935,7
7713,1723732448,1854,1935,81
7714,1723731899,1935,1753,182
7715,1723731071,1935,1752,183
7716,1723730518,1752,1935,183
7717,1723729852,1935,1001,934
7718,1723729205,1935,1950,15
7719,1723728249,1762,1935,173
7720,1723675104,1788,1935,147
7721,1726794705,1772,880,892
7722,1726792304,1596,790,806
7723,1726791345,743,0,743
7724,1726790267,1402,646,756
7725,1726789784,618,1656,1038
7726,1724466550,1587,599,988
7727,1724466244,1544,584,960
7728,1724465290,1550,447,1103
7729,1724464918,1817,418,1399
7730,1724452898,257,1602,1345
7731,1724452667,84,1510,1426
7732,1724451383,0,1401,1401
7733,1731575059,1946,1673,273
7734,1731573717,1838,1946,108
7735,1731490352,1946,1501,445
7736,1729760659,1654,1946,292
7737,1729506538,2407,1946,461
7738,1729506113,1828,1946,118
7739,1729332355,2191,1946,245
7740,1729331595,1941,1946,5
7741,1729331294,1946,2064,118
7742,1729311656,1946,0,1946
7743,1729291743,1946,1774,172
7744,1729247373,1544,1945,401
7745,1729157497,565,1945,1380
7746,1729156818,669,1945,1276
7747,1729156156,1593,1945,352
7748,1729151805,1945,1930,15
7749,1729151464,1945,1207,738
7750,1729069567,1945,708,1237
7751,1729069301,1945,1372,573
7752,1728903970,1760,1945,185
7753,1728903227,1794,1945,151
7754,1728902598,2061,1945,116
7755,1728902269,1945,1688,257
7756,1728901586,1945,1786,159
7757,1728901251,1674,1945,271
7758,1728900428,1786,1945,159
7759,1728813821,1980,1945,35
7760,1728813052,2066,1945,121
7761,1728644727,1945,1639,306
7762,1728644106,0,1945,1945
7763,1728473711,2006,1944,62
7764,1728386293,1786,1944,158
7765,1728385874,2407,1944,463
7766,1728385526,2407,1944,463
7767,1728385065,2407,1944,463
7768,1728384160,1944,1728,216
7769,1728383300,2001,1944,57
7770,1728297804,2007,1944,63
7771,1728296243,1833,1944,111
7772,1728294812,1944,1793,151
7773,1728293393,1744,1944,200
7774,1728292384,1641,1944,303
7775,1728126950,1944,1612,332
7776,1728125815,1944,1742,202
7777,1728125247,1944,2048,104
7778,1728124165,1944,1810,134
7779,1728123721,1825,1944,119
7780,1728123501,1885,1944,59
7781,1728040876,1944,2034,90
7782,1728038392,2204,1944,260
7783,1728038015,1732,1944,212
7784,1728036715,2136,1944,192
7785,1728036300,2325,1944,381
7786,1728035306,1944,1697,247
7787,1728035021,1944,2425,481
7788,1728031795,1944,1999,55
7789,1728030618,2081,1944,137
7790,1727869953,1944,1882,62
7791,1727868994,1944,1919,25
7792,1727867504,1939,1724,215
7793,1727866566,1939,1865,74
7794,1727856291,1939,1541,398
7795,1727855421,2083,1939,144
7796,1727699183,1939,1767,172
7797,1727696249,2005,1938,67
7798,1727695556,1649,1938,289
7799,1727601281,1969,1938,31
7800,1727600288,1938,1968,30
7801,1727599830,2407,1938,469
7802,1727512890,2373,1938,435
7803,1727512592,2373,1938,435
7804,1727441277,1644,1938,294
7805,1727440347,1830,1938,108
7806,1727439997,2492,1938,554
7807,1727436184,1990,1938,52
7808,1727435726,1824,1938,114
7809,1727435143,2004,1938,66
7810,1727434167,1938,2004,66
7811,1727433117,1603,1938,335
7812,1727430782,1938,1864,74
7813,1727429946,1938,2270,332
7814,1727346863,1938,1935,3
7815,1727346527,1938,1935,3
7816,1727345533,2068,1938,130
7817,1727344718,1937,1917,20
7818,1727344187,1937,1936,1
7819,1727333003,1782,1937,155
7820,1727332363,1937,1956,19
7821,1727331482,1937,2245,308
7822,1727321594,1937,2009,72
7823,1727321195,2003,1937,66
7824,1727320242,1996,1937,59
7825,1727308621,1937,1925,12
7826,1727307695,1937,1641,296
7827,1727306509,1882,1937,55
7828,1727305993,1880,1937,57
7829,1727305683,1937,1924,13
7830,1727305349,1871,1937,66
7831,1727262631,1634,1937,303
7832,1727261383,1570,1937,367
7833,1724670846,1521,378,1143
7834,1724670131,222,1514,1292
7835,1724668414,1416,55,1361
7836,1724467293,0,0,0
7837,1722572323,0,120,120
7838,1723528937,1199,31,1168
7839,1723057692,517,0,517
7840,1722706148,666,0,666
7841,1722613468,710,0,710
7842,1728343931,1945,1975,30
7843,1728343400,1840,1945,105
7844,1728343056,1945,2104,159
7845,1728342747,1882,1945,63
7846,1728341843,1947,1945,2
7847,1728341121,2014,1945,69
7848,1728339818,1945,1752,193
7849,1728339310,1945,0,1945
7850,1728338723,1945,1752,193
7851,1728338083,2104,1945,159
7852,1728337253,1945,2104,159
7853,1728337018,2104,1945,159
7854,1728336113,1945,1187,758
7855,1728130290,1945,1886,59
7856,1728119120,1893,1945,52
7857,1727729046,1945,1919,26
7858,1727727870,1945,1930,15
7859,1727726853,1945,1827,118
7860,1727725766,1945,1771,174
7861,1727724742,1945,1745,200
7862,1727724238,1950,1945,5
7863,1727723087,1950,1945,5
7864,1727717559,1831,1945,114
7865,1727716748,1823,1945,122
7866,1727715543,1945,1916,29
7867,1727714708,1710,1945,235
7868,1727711178,1945,1712,233
7869,1727710220,1945,1967,22
7870,1727626675,1846,1945,99
7871,1727625643,1945,1846,99
7872,1727614054,1919,1945,26
7873,1727613567,1919,1945,26
7874,1727608589,1945,1945,0
7875,1727608111,1872,1945,73
7876,1727607496,0,1945,1945
7877,1727606078,1824,1945,121
7878,1727604824,1945,1824,121
7879,1727604651,1945,1804,141
7880,1727593812,1567,1945,378
7881,1727593244,1652,1945,293
7882,1727535488,1762,1945,183
7883,1727532430,1945,1837,108
7884,1727521395,1945,1584,361
7885,1727519937,1945,1669,276
7886,1727518419,1945,1804,141
7887,1727516971,1945,1728,217
7888,1727515337,1804,1945,141
7889,1727514730,1945,1855,90
7890,1727513463,1782,1945,163
7891,1727512771,1945,1777,168
7892,1727511542,1685,1945,260
7893,1727511054,1945,1654,291
7894,1727510069,1793,1945,152
7895,1727509034,1663,1945,282
7896,1727466041,1945,1804,141
7897,1727465435,1945,1587,358
7898,1727464340,1842,1945,103
7899,1727462592,1804,1945,141
7900,1727462368,1680,1945,265
7901,1727461468,1951,1945,6
7902,1727461209,1724,1945,221
7903,1727460645,1945,1804,141
7904,1727458516,1945,1653,292
7905,1727457775,1770,1945,175
7906,1727457445,1945,1760,185
7907,1727456459,1749,1945,196
7908,1727455745,1945,1721,224
7909,1727455550,1719,1945,226
7910,1727455313,1716,1945,229
7911,1727454090,2132,1945,187
7912,1727453183,1950,1945,5
7913,1727451754,1945,1727,218
7914,1727450917,1842,1945,103
7915,1727374839,1827,1945,118
7916,1727374132,1945,1752,193
7917,1727374021,1781,1945,164
7918,1727373021,1945,1794,151
7919,1727372913,1945,1794,151
7920,1727372467,1812,1945,133
7921,1727371750,1945,1811,134
7922,1727369722,1900,1945,45
7923,1727368547,1945,1732,213
7924,1727367076,1769,1945,176
7925,1727365992,1945,1769,176
7926,1727365429,1945,1949,4
7927,1727364984,1949,1945,4
7928,1727364521,1713,1945,232
7929,1727363143,1822,1945,123
7930,1727362041,1884,1945,61
7931,1727361515,1927,1945,18
7932,1727341924,1692,1945,253
7933,1727341063,1804,1945,141
7934,1727340558,1945,1692,253
7935,1727339689,1945,1929,16
7936,1727338744,1945,1692,253
7937,1727337824,1692,1945,253
7938,1727337016,1692,1945,253
7939,1727336360,1709,1945,236
7940,1727335595,1945,1875,70
7941,1727334332,1945,1622,323
7942,1731454073,1377,1945,568
7943,1731453396,1945,773,1172
7944,1731453013,647,1945,1298
7945,1731452537,1212,1945,733
7946,1731451486,696,1945,1249
7947,1731451045,1945,2459,514
7948,1728223117,1820,1945,125
7949,1728219621,1945,1814,131
7950,1728217860,1971,1945,26
7951,1728214452,1677,1945,268
7952,1728212964,1811,1945,134
7953,1728212414,1964,1945,19
7954,1728212083,1757,1945,188
7955,1728211776,2007,1945,62
7956,1728144583,1816,1945,129
7957,1728143550,1864,1945,81
7958,1728142744,2133,1945,188
7959,1728140746,1945,1785,160
7960,1728140047,1975,1945,30
7961,1728127986,1945,1811,134
7962,1728121712,1945,1931,14
7963,1728120754,1770,1945,175
7964,1728119755,1931,1945,14
7965,1728118997,1945,1929,16
7966,1728118493,1945,1929,16
7967,1728115619,1945,1739,206
7968,1728059792,1945,1718,227
7969,1728058941,1774,1945,171
7970,1728057776,1902,1945,43
7971,1728057024,1779,1945,166
7972,1728056436,1945,1805,140
7973,1728050317,1945,1986,41
7974,1728046607,1921,1945,24
7975,1728045366,1758,1945,187
7976,1728044642,1923,1945,22
7977,1728035377,1945,1637,308
7978,1728034826,1945,1752,193
7979,1728034457,1606,1945,339
7980,1728033833,2128,1945,183
7981,1727902297,1945,1733,212
7982,1727897785,1945,1685,260
7983,1727897003,1906,1945,39
7984,1727896360,1945,1726,219
7985,1727893635,1598,1945,347
7986,1727893105,1945,1901,44
7987,1727892656,1945,1735,210
7988,1727891697,1945,1847,98
7989,1727881582,1945,1821,124
7990,1727881114,1811,1945,134
7991,1727797540,1945,1925,20
7992,1727694133,1778,1945,167
7993,1727692820,0,1945,1945
7994,1727691376,1648,1945,297
7995,1727650825,1945,1613,332
7996,1727649952,1945,1743,202
7997,1727608589,1945,1945,0
7998,1727607463,1945,736,1209
7999,1727605318,1948,1945,3
8000,1727604669,1945,1887,58
8001,1727604429,1887,1945,58
8002,1727603839,1804,1945,141
8003,1727603348,1945,1829,116
8004,1727589801,1825,1945,120
8005,1727589099,1945,1816,129
8006,1727588094,1918,1945,27
8007,1727587345,1945,1918,27
8008,1727586377,1945,1579,366
8009,1727586034,1945,1837,108
8010,1727585499,1837,1945,108
8011,1727584827,1945,1837,108
8012,1727583132,1771,1945,174
8013,1727582775,1771,1945,174
8014,1727582161,1916,1945,29
8015,1727581423,1944,1945,1
8016,1727551252,1808,1945,137
8017,1727550386,1814,1945,131
8018,1727450442,1790,1945,155
8019,1727448398,1945,1765,180
8020,1727446811,1945,2010,65
8021,1727445446,1945,1840,105
8022,1727443761,1842,1945,103
8023,1727443403,1945,1758,187
8024,1727442466,1900,1945,45
8025,1727441925,1652,1945,293
8026,1727439980,1945,1804,141
8027,1727437722,1945,1804,141
8028,1727436997,1945,1849,96
8029,1727436121,1886,1945,59
8030,1727436067,1945,1848,97
8031,1727433339,0,1945,1945
8032,1727430911,1293,1945,652
8033,1727429885,1945,1728,217
8034,1727428386,1945,1581,364
8035,1727393651,1627,1945,318
8036,1727392974,1945,0,1945
8037,1727392100,1727,1945,218
8038,1727391708,1842,1945,103
8039,1727390944,1624,1945,321
8040,1727388111,1945,1607,338
8041,1727387544,1903,1945,42
8042,1728246797,1524,1736,212
8043,1728245781,1735,1524,211
8044,1728245044,1522,1739,217
8045,1728244677,1522,1738,216
8046,1728244027,1676,1522,154
8047,1727322195,1512,1523,11
8048,1727320227,1500,1601,101
8049,1727269834,1482,1579,97
8050,1727269564,1461,1593,132
8051,1727184428,1804,1460,344
8052,1727183680,1460,1642,182
8053,1727183050,1804,1436,368
8054,1727099961,1411,1540,129
8055,1727098858,1385,1435,50
8056,1726834479,1374,0,1374
8057,1726831611,1728,1346,382
8058,1726830329,1321,1479,158
8059,1726829097,1625,1321,304
8060,1725462558,1321,1538,217
8061,1724507142,1478,1287,191
8062,1724423537,1166,1257,91
8063,1724242740,1005,1257,252
8064,1724169926,1219,1542,323
8065,1724169336,1186,1040,146
8066,1724158932,1167,292,875
8067,1724071432,1167,214,953
8068,1724070728,1030,1167,137
8069,1724067275,1161,1473,312
8070,1724066464,58,1139,1081
8071,1724018876,1136,1497,361
8072,1724018496,971,1093,122
8073,1724017954,1035,1558,523
8074,1724017663,1437,974,463
8075,1724007288,922,885,37
8076,1724007127,1478,913,565
8077,1724006028,562,864,302
8078,1723372167,1436,853,583
8079,1723371592,1148,776,372
8080,1723371384,525,715,190
8081,1723370915,1311,622,689
8082,1723344078,602,1478,876
8083,1723343625,1361,575,786
8084,1723342970,1345,553,792
8085,1723340741,1327,427,900
8086,1723340313,346,0,346
8087,1723339519,1206,313,893
8088,1723339204,205,235,30
8089,1723338954,87,154,67
8090,1723317943,344,0,344
8091,1723317407,1354,0,1354
8092,1724772776,1617,686,931
8093,1724772588,564,1590,1026
8094,1724770648,1740,532,1208
8095,1724769109,1695,388,1307
8096,1724768532,1683,233,1450
8097,1724767802,118,115,3
8098,1724767095,465,86,379
8099,1724766607,1539,0,1539
8100,1724095527,2139,1937,202
8101,1722541920,1932,1826,106
8102,1722540931,1930,2017,87
8103,1722536267,1680,1930,250
8104,1722535899,1980,1928,52
8105,1722532891,1926,1802,124
8106,1722528984,2049,1926,123
8107,1722528462,1926,1809,117
8108,1722527479,2047,1926,121
8109,1722515944,1919,1533,386
8110,1722515542,1524,1912,388
8111,1722514143,1907,1882,25
8112,1722513561,1038,1905,867
8113,1722513282,1902,1683,219
8114,1722512574,1882,1900,18
8115,1722511284,1202,1900,698
8116,1722510743,1108,1900,792
8117,1722509364,1900,1682,218
8118,1722508777,1893,1698,195
8119,1722508321,1884,1831,53
8120,1722507529,1712,1881,169
8121,1722507102,1879,1712,167
8122,1722506380,1237,1879,642
8123,1722505603,1877,1826,51
8124,1722504924,1874,1704,170
8125,1722504253,1872,1826,46
8126,1722503422,1872,1158,714
8127,1722502205,1853,1872,19
8128,1722461759,1686,1869,183
8129,1722460954,1869,1701,168
8130,1722460451,1866,1665,201
8131,1722458815,1866,1607,259
8132,1722458419,1280,1864,584
8133,1722457766,1864,1853,11
8134,1722457458,1861,1706,155
8135,1722452283,1707,1861,154
8136,1722450962,1365,1851,486
8137,1722450173,1831,1735,96
8138,1722448081,1679,1810,131
8139,1722447819,1490,1791,301
8140,1722447329,1481,1774,293
8141,1722447020,1063,1774,711
8142,1722446423,1679,1751,72
8143,1722446080,1738,1061,677
8144,1722445033,1738,1618,120
8145,1722444233,1616,1713,97
8146,1722443693,1688,1464,224
8147,1722443002,1115,1668,553
8148,1722442275,1646,1182,464
8149,1722441895,1581,1616,35
8150,1722441112,1579,1585,6
8151,1722439932,1427,1560,133
8152,1722439216,859,1560,701
8153,1722438568,1527,1465,62
8154,1722438169,1537,1491,46
8155,1722431218,1456,1407,49
8156,1722430764,1359,1454,95
8157,1722429756,1414,1523,109
8158,1722428990,1372,1410,38
8159,1722428674,1332,1234,98
8160,1722428023,1381,1286,95
8161,1722425269,859,1283,424
8162,1722424512,1247,815,432
8163,1722423717,1236,1525,289
8164,1722423232,1203,451,752
8165,1722422609,1209,1147,62
8166,1722421940,1300,1142,158
8167,1722421182,1139,885,254
8168,1722420310,1061,1695,634
8169,1722418834,390,1015,625
8170,1722417828,1010,977,33
8171,1722415898,844,944,100
8172,1722413698,832,937,105
8173,1722411948,1663,836,827
8174,1722410636,749,898,149
8175,1722376117,616,738,122
8176,1722373945,766,644,122
8177,1722373368,544,725,181
8178,1722372140,443,550,107
8179,1722370865,427,500,73
8180,1722370136,327,175,152
8181,1722369784,300,807,507
8182,1722368817,277,177,100
8183,1722367931,28,588,560
8184,1722367303,0,0,0
8185,1731592431,1928,0,1928
8186,1731591931,1733,1924,191
8187,1731527776,1889,1914,25
8188,1731527111,1463,1912,449
8189,1731526773,1906,1784,122
8190,1731525611,1439,1904,465
8191,1731517923,1902,1750,152
8192,1731517281,1901,1783,118
8193,1731445494,2107,1901,206
8194,1731332599,1787,1900,113
8195,1731183855,1900,1815,85
8196,1731183117,1900,0,1900
8197,1731183007,1793,1900,107
8198,1731182610,1899,1372,527
8199,1731182105,1723,1899,176
8200,1731007675,993,1899,906
8201,1730898915,1600,1898,298
8202,1730898420,1898,184,1714
8203,1730897369,1897,1722,175
8204,1730584760,1867,1897,30
8205,1730584424,1897,36,1861
8206,1730583918,2020,1897,123
8207,1730583255,1896,1730,166
8208,1730582186,1813,1896,83
8209,1730581662,1731,1895,164
8210,1730580427,1748,1895,147
8211,1730579981,1748,1894,146
8212,1730579093,1748,1894,146
8213,1730578272,1893,1922,29
8214,1730572574,1893,1519,374
8215,1730572065,1893,1327,566
8216,1730571161,2005,1893,112
8217,1730570215,1892,1544,348
8218,1730569438,1922,1892,30
8219,1730569282,1874,1892,18
8220,1730568985,1767,1892,125
8221,1730568353,1892,1758,134
8222,1730567729,1892,1758,134
8223,1730566620,1864,1892,28
8224,1730565702,1892,1855,37
8225,1730565245,1892,1817,75
8226,1730564784,1891,0,1891
8227,1730564353,1807,1891,84
8228,1730563612,1891,2107,216
8229,1730563012,2107,1891,216
8230,1730561922,1805,1891,86
8231,1730314115,1867,1891,24
8232,1730313776,1891,2446,555
8233,1730313154,1890,1571,319
8234,1730312567,1889,1758,131
8235,1730311839,1929,1889,40
8236,1730310920,1889,2087,198
8237,1730310642,2530,1889,641
8238,1730309943,1889,2530,641
8239,1730309680,1889,2530,641
8240,1730308958,2530,1889,641
8241,1730294014,1889,1813,76
8242,1730293710,1811,1889,78
8243,1729959637,1887,1295,592
8244,1729887539,1875,1981,106
8245,1729700100,1791,1866,75
8246,1729627811,1863,1869,6
8247,1729626830,1863,1810,53
8248,1729626601,1863,1879,16
8249,1729625591,1862,1604,258
8250,1729617685,1862,1758,104
8251,1729616829,2001,1862,139
8252,1729616197,1861,1727,134
8253,1729615722,2206,1861,345
8254,1729529793,1653,1860,207
8255,1729455844,1975,1860,115
8256,1729455401,0,1859,1859
8257,1729455032,1858,0,1858
8258,1729454676,1858,1718,140
8259,1729453817,1858,1718,140
8260,1729453104,1858,1826,32
8261,1729281808,1857,1698,159
8262,1729281373,1856,1774,82
8263,1729280687,1856,1856,0
8264,1729021321,1686,1855,169
8265,1729021033,2165,1855,310
8266,1729020312,1855,1656,199
8267,1729013952,1855,2353,498
8268,1729013363,1855,2353,498
8269,1729012965,2352,1855,497
8270,1729012051,1854,1784,70
8271,1729011522,1853,0,1853
8272,1729011160,2351,1853,498
8273,1728848096,1975,1853,122
8274,1728679037,1852,1925,73
8275,1728678470,2030,1852,178
8276,1728678062,1851,0,1851
8277,1728677458,1840,1851,11
8278,1728676561,1840,1850,10
8279,1728675907,1719,1849,130
8280,1728675756,1849,1820,29
8281,1728675329,1849,1811,38
8282,1728674522,1849,1857,8
8283,1728673992,1846,1849,3
8284,1728673567,1849,1930,81
8285,1725734033,1649,1356,293
8286,1725645699,1497,1319,178
8287,1725570097,1279,1679,400
8288,1725569784,1678,1274,404
8289,1725458698,1678,1229,449
8290,1725395682,1181,1720,539
8291,1725393720,1136,1198,62
8292,1723665534,1529,1082,447
8293,1723664746,1345,1026,319
8294,1723664210,900,978,78
8295,1723663504,1235,917,318
8296,1723662778,907,1426,519
8297,1723661393,1565,896,669
8298,1723660436,1665,885,780
8299,1723651534,817,886,69
8300,1723651002,805,1507,702
8301,1723650284,1333,710,623
8302,1723649752,214,647,433
8303,1723648533,1723,626,1097
8304,1723503952,1526,506,1020
8305,1723503591,1379,486,893
8306,1723502736,1520,461,1059
8307,1722706941,884,333,551
8308,1722705808,173,1399,1226
8309,1722701969,63,0,63
8310,1722701303,58,0,58
8311,1722630803,0,87,87
8312,1723501980,1508,1191,317
8313,1723501167,1543,1139,404
8314,1723500353,1131,1654,523
8315,1723499558,1431,1072,359
8316,1723499247,1033,574,459
8317,1723498092,1021,1637,616
8318,1723497263,1014,1615,601
8319,1723496303,1007,1735,728
8320,1723495260,1595,925,670
8321,1723495123,905,1784,879
8322,1723479131,809,1732,923
8323,1723235480,1679,705,974
8324,1723234542,594,1377,783
8325,1723234085,1525,577,948
8326,1723233223,1633,446,1187
8327,1722975793,414,1459,1045
8328,1722975447,374,1843,1469
8329,1722974007,1556,207,1349
8330,1722887897,28,1444,1416
8331,1722887137,0,0,0
8332,1731577523,1676,1924,248
8333,1731577355,1676,1924,248
8334,1731577279,773,1924,1151
8335,1731577039,1924,2159,235
8336,1731576785,1924,2159,235
8337,1731576129,2083,1924,159
8338,1731574998,887,1923,1036
8339,1731574413,887,1923,1036
8340,1731568899,1923,514,1409
8341,1731568655,1923,1453,470
8342,1731567366,1923,2173,250
8343,1731567244,1923,260,1663
8344,1731566916,1662,1923,261
8345,1731566815,1923,2143,220
8346,1731566330,1923,2024,101
8347,1731562578,1923,2190,267
8348,1731561587,1923,1759,164
8349,1731561159,1878,1923,45
8350,1731558996,1923,1816,107
8351,1731556490,1923,1436,487
8352,1731555186,1923,2159,236
8353,1731553618,1923,2231,308
8354,1731552909,1923,713,1210
8355,1731546918,1033,1923,890
8356,1731546294,1922,0,1922
8357,1731546226,659,1922,1263
8358,1731545565,951,1922,971
8359,1731312288,1848,1922,74
8360,1731311398,809,1922,1113
8361,1731308095,1922,1757,165
8362,1731303662,1922,1783,139
8363,1731302972,1921,1848,73
8364,1731300042,1921,1848,73
8365,1731299122,1921,2018,97
8366,1731298865,1921,1091,830
8367,1731298691,1740,1921,181
8368,1731298574,1921,1597,324
8369,1731297323,2018,1921,97
8370,1731296375,1810,1921,111
8371,1731142363,1921,1706,215
8372,1731142025,1921,1145,776
8373,1731141815,1144,1921,777
8374,1731139005,1921,1712,209
8375,1731138823,1549,1921,372
8376,1731052694,1704,1921,217
8377,1730960929,1921,1565,356
8378,1730960289,1897,1921,24
8379,1730703973,1751,1921,170
8380,1730702733,1920,1436,484
8381,1730525974,1920,1609,311
8382,1730525585,1920,1656,264
8383,1730524719,0,1920,1920
8384,1730524515,1920,1610,310
8385,1730519411,1920,459,1461
8386,1730519311,1920,0,1920
8387,1730519226,1757,1920,163
8388,1730439636,1920,998,922
8389,1730438421,1116,1919,803
8390,1730436946,1551,1919,368
8391,1730436767,398,1919,1521
8392,1730436716,372,1919,1547
8393,1730436229,1919,1439,480
8394,1730436185,1415,1919,504
8395,1730434209,764,1919,1155
8396,1730430258,1919,1618,301
8397,1730430161,1483,1919,436
8398,1730430033,335,1919,1584
8399,1730429954,1317,1919,602
8400,1730429909,1919,1767,152
8401,1730429843,1919,1562,357
8402,1730429797,1919,1892,27
8403,1729920035,1919,1519,400
8404,1729919211,984,1919,935
8405,1729918938,1786,1919,133
8406,1729918889,1806,1919,113
8407,1729918841,1919,1756,163
8408,1729833869,1919,1647,272
8409,1729833717,1918,1253,665
8410,1729748915,1918,1903,15
8411,1729747782,2380,1918,462
8412,1729745807,119,1918,1799
8413,1729745097,1918,63,1855
8414,1729469058,1918,741,1177
8415,1729469006,2132,1918,214
8416,1729468772,2144,1918,226
8417,1728916575,1736,1917,181
8418,1728916030,1917,1760,157
8419,1728914756,1917,1754,163
8420,1728840655,1933,1917,16
8421,1728840146,1986,1917,69
8422,1728839268,1917,1835,82
8423,1728837120,1917,1580,337
8424,1728836624,1917,1870,47
8425,1728836497,1611,1917,306
8426,1728836153,1917,1949,32
8427,1728831942,1907,1930,23
8428,1728826157,1657,1901,244
8429,1728825252,1896,1855,41
8430,1728747634,2065,1896,169
8431,1728745766,1895,1811,84
8432,1730820826,1588,1596,8
8433,1729785182,1843,1596,247
8434,1729763954,1706,1594,112
8435,1729529465,1712,1594,118
8436,1729449899,1593,1596,3
8437,1729449142,1207,1593,386
8438,1729448190,1593,1620,27
8439,1729445674,1704,1593,111
8440,1729444896,1704,1591,113
8441,1729438975,1591,1702,111
8442,1729437724,1589,0,1589
8443,1729417807,1774,1587,187
8444,1729260573,0,1585,1585
8445,1729178420,1583,1564,19
8446,1729177919,1668,1581,87
8447,1729176575,1581,1615,34
8448,1729097740,1581,1785,204
8449,1728911813,1593,1581,12
8450,1728911097,1699,1581,118
8451,1728847584,1605,1579,26
8452,1728507376,1596,1577,19
8453,1728504015,1749,1577,172
8454,1728326640,1577,1796,219
8455,1728320637,1577,1591,14
8456,1728310208,1692,1575,117
8457,1728309482,1690,1575,115
8458,1728305430,1573,0,1573
8459,1728303039,1573,1439,134
8460,1728261160,1496,1573,77
8461,1728260284,1568,0,1568
8462,1728259137,1657,1557,100
8463,1728257402,1129,1550,421
8464,1728143683,1539,1650,111
8465,1728143185,1748,1528,220
8466,1728141989,1518,1704,186
8467,1728140596,1405,1505,100
8468,1728139874,1782,1499,283
8469,1728049551,1496,1700,204
8470,1728048464,1545,1494,51
8471,1728047891,55,1492,1437
8472,1727970426,1492,1562,70
8473,1727968107,1697,1492,205
8474,1727967658,0,1489,1489
8475,1727966683,1487,1546,59
8476,1727906766,1487,1793,306
8477,1727906248,1487,1737,250
8478,1727892596,1487,1499,12
8479,1727891553,1477,1547,70
8480,1727891322,1474,1536,62
8481,1727888458,1474,1734,260
8482,1727887735,1542,1466,76
8483,1727887402,1718,1453,265
8484,1727885645,1597,1433,164
8485,1727885070,1412,1466,54
8486,1727883936,1410,1425,15
8487,1727883559,1398,1409,11
8488,1727882085,1617,1384,233
8489,1727881514,1383,737,646
8490,1727875726,1840,1377,463
8491,1727873454,1366,61,1305
8492,1727872710,1338,1555,217
8493,1727872274,1580,1309,271
8494,1727871405,1279,1580,301
8495,1727866693,1445,1247,198
8496,1727865168,1213,1604,391
8497,1727864115,1652,1205,447
8498,1727821430,1409,1170,239
8499,1727821215,908,1139,231
8500,1727746670,1599,1139,460
8501,1727745747,1728,1101,627
8502,1727744948,1087,1728,641
8503,1727710268,1546,1084,462
8504,1727709471,1047,855,192
8505,1727706817,1047,1405,358
8506,1727626670,1666,1033,633
8507,1727607040,1564,1031,533
8508,1727606643,965,1415,450
8509,1727605616,918,573,345
8510,1727567030,1456,894,562
8511,1727566512,950,827,123
8512,1727566097,1616,740,876
8513,1727565256,1372,651,721
8514,1727558602,1321,550,771
8515,1727556404,530,984,454
8516,1727555528,415,1270,855
8517,1727554039,403,1381,978
8518,1727551999,1577,372,1205
8519,1727551545,273,130,143
8520,1727550369,1304,118,1186
8521,1727549086,80,1487,1407
8522,1727547675,1371,0,1371
8523,1731448373,1908,2459,551
8524,1731445259,1908,2459,551
8525,1731258676,1542,1908,366
8526,1731257904,1363,1908,545
8527,1731257250,1907,1392,515
8528,1731256764,1907,1628,279
8529,1731256426,1516,1906,390
8530,1731253809,1667,1906,239
8531,1731245457,1906,1832,74
8532,1731244679,1906,2273,367
8533,1731243588,2094,1906,188
8534,1731242545,308,1906,1598
8535,1731242010,68,1905,1837
8536,1731241119,1905,1751,154
8537,1731090209,1904,1481,423
8538,1731075716,1904,1607,297
8539,1730912087,2029,1904,125
8540,1730911301,1904,2226,322
8541,1730820615,1904,1825,79
8542,1730820013,2223,1904,319
8543,1730751632,1835,1903,68
8544,1730751009,1740,1903,163
8545,1730130873,1646,1903,257
8546,1730129898,1903,1622,281
8547,1730129395,2523,1903,620
8548,1730127596,1376,1903,527
8549,1730127066,2143,1903,240
8550,1730126481,1903,2517,614
8551,1729991671,1903,2425,522
8552,1729991031,2412,1903,509
8553,1729980407,1902,1573,329
8554,1729796847,1689,1902,213
8555,1729789009,1907,1902,5
8556,1729775668,68,1902,1834
8557,1729775031,1902,1954,52
8558,1729773416,1602,1901,299
8559,1729770982,1901,1697,204
8560,1729768872,1900,1586,314
8561,1729768599,1869,1900,31
8562,1729767546,1899,1888,11
8563,1729766744,1898,1586,312
8564,1729762540,1551,1898,347
8565,1729761071,1118,1897,779
8566,1729759953,1897,1549,348
8567,1729688760,1897,2323,426
8568,1729687436,1831,1897,66
8569,1729686563,1896,1566,330
8570,1729647832,1493,1896,403
8571,1729646697,1645,1895,250
8572,1729646027,0,1895,1895
8573,1729645672,1894,1471,423
8574,1729645238,1893,1623,270
8575,1729644748,1893,1519,374
8576,1729643888,1892,1705,187
8577,1729643385,1891,1420,471
8578,1729643207,1407,1891,484
8579,1729615440,1986,1891,95
8580,1729614808,1812,1891,79
8581,1729614128,1705,1890,185
8582,1729607450,1545,1889,344
8583,1729607191,1705,1889,184
8584,1729606205,1605,1889,284
8585,1729605503,1889,0,1889
8586,1729555207,1920,1889,31
8587,1729554660,0,1888,1888
8588,1729553986,1331,1887,556
8589,1729552700,1427,1887,460
8590,1729529913,1887,1774,113
8591,1729450138,1886,1541,345
8592,1729447843,1885,0,1885
8593,1729446349,1885,1729,156
8594,1729444332,1885,2049,164
8595,1729437062,1885,1701,184
8596,1729436228,258,1884,1626
8597,1729419684,1578,1883,305
8598,1729419232,1882,1578,304
8599,1729266959,1882,1702,180
8600,1729266150,1882,1953,71
8601,1729261553,386,1882,1496
8602,1729177526,1882,2512,630
8603,1729098967,1850,1882,32
8604,1729098350,1431,1881,450
8605,1728924941,2030,1880,150
8606,1728924261,1879,0,1879
8607,1728912766,1879,1807,72
8608,1728849188,1878,1700,178
8609,1728506777,1877,1803,74
8610,1728504462,1895,1877,18
8611,1728325803,1852,1877,25
8612,1728325412,1877,1670,207
8613,1728324617,1975,1877,98
8614,1728323912,1877,1796,81
8615,1728323118,927,1877,950
8616,1728321811,1818,1876,58
8617,1728312704,1828,1876,48
8618,1728308258,1876,2104,228
8619,1728307839,2104,1876,228
8620,1728303702,1875,1864,11
8621,1727891028,1875,1923,48
8622,1727874836,1874,0,1874
8623,1722699033,339,0,339
8624,1726775408,1907,2132,225
8625,1726774887,1907,1841,66
8626,1726773951,1906,1821,85
8627,1726772997,1759,1906,147
8628,1726772508,1906,2131,225
8629,1726771203,1526,1905,379
8630,1725205355,1905,1862,43
8631,1725200905,1905,1984,79
8632,1725198923,1934,1905,29
8633,1725198179,1905,1784,121
8634,1725197437,1904,1905,1
8635,1725197124,1905,1984,79
8636,1725196842,1984,1905,79
8637,1725195713,1904,1725,179
8638,1725108300,1904,2002,98
8639,1725107159,1904,1916,12
8640,1725105784,1904,1863,41
8641,1725104580,1767,1904,137
8642,1725103839,1962,1904,58
8643,1725102387,1903,1830,73
8644,1724601065,1945,1903,42
8645,1724600068,1903,1658,245
8646,1724599038,1915,1903,12
8647,1724596838,1661,1902,241
8648,1724595732,1902,1756,146
8649,1724594170,1902,1855,47
8650,1724593124,1857,1902,45
8651,1724591492,1658,1901,243
8652,1724590847,1645,1901,256
8653,1724527854,1901,1881,20
8654,1724527628,1901,1881,20
8655,1724526413,1901,1692,209
8656,1724525264,1862,1901,39
8657,1724523011,1901,1851,50
8658,1724522700,1914,1901,13
8659,1724521751,1904,1901,3
8660,1724521091,2162,1901,261
8661,1724520057,1901,1849,52
8662,1724422961,1901,1971,70
8663,1724422435,1892,1905,13
8664,1724421051,1892,1848,44
8665,1724419496,1891,1866,25
8666,1724419133,1978,1891,87
8667,1724418722,1891,1984,93
8668,1724417696,1891,2031,140
8669,1724416335,1817,1890,73
8670,1724414769,1862,1890,28
8671,1724412821,1889,1749,140
8672,1724368949,1889,1756,133
8673,1724368079,2090,1889,201
8674,1724367135,2169,1889,280
8675,1724343122,1888,1911,23
8676,1724337526,1888,1856,32
8677,1724335782,1383,1888,505
8678,1724334508,1799,1888,89
8679,1724334158,1888,2080,192
8680,1724180365,1849,1887,38
8681,1724179684,1717,1887,170
8682,1724179150,1887,1880,7
8683,1724177968,1887,1830,57
8684,1724177097,1887,1665,222
8685,1724176166,1887,1918,31
8686,1724175194,1918,1886,32
8687,1724174971,1886,1918,32
8688,1724173991,1769,1886,117
8689,1724172532,1876,1855,21
8690,1724172005,1867,1894,27
8691,1724170830,1857,1766,91
8692,1724170413,1888,1855,33
8693,1723991262,1972,1855,117
8694,1723990067,1855,1915,60
8695,1723989330,1855,1913,58
8696,1723988190,1854,1913,59
8697,1723987569,1933,1854,79
8698,1723985975,1716,1853,137
8699,1723985076,1853,2116,263
8700,1723984040,1933,1853,80
8701,1723903685,1933,1852,81
8702,1723902609,1852,1621,231
8703,1723902258,1852,1316,536
8704,1723901833,1852,1578,274
8705,1723901133,1851,1764,87
8706,1723899786,1851,2019,168
8707,1723898989,1944,1851,93
8708,1723897896,1851,1721,130
8709,1723896808,1850,1944,94
8710,1723895549,1665,1850,185
8711,1723830538,1849,1196,653
8712,1723829619,1942,1849,93
8713,1723827625,1848,1818,30
8714,1723827003,1848,1783,65
8715,1723754096,1830,1848,18
8716,1723753502,1756,1848,92
8717,1723753208,1847,1858,11
8718,1723751893,1847,1945,98
8719,1723750445,1893,1847,46
8720,1723749462,1834,1846,12
8721,1723745889,1846,1785,61
8722,1723745211,1846,1784,62
8723,1723742756,1845,1817,28
8724,1722603136,1340,1001,339
8725,1722468747,1299,928,371
8726,1722454367,852,1176,324
8727,1722453847,843,1087,244
8728,1722451654,774,836,62
8729,1722450301,1319,824,495
8730,1722382502,533,752,219
8731,1722382202,273,684,411
8732,1722380839,271,610,339
8733,1722380418,595,1014,419
8734,1722379239,502,437,65
8735,1722378313,159,415,256
8736,1722375828,293,723,430
8737,1722371528,198,0,198
8738,1722371187,0,93,93
8739,1722370941,0,71,71
8740,1722366019,43,35,8
8741,1722365167,0,225,225
8742,1723489846,0,1156,1156
8743,1722991851,0,813,813
8744,1729651269,249,1895,1646
8745,1729650634,1819,1887,68
8746,1729647427,1493,1884,391
8747,1729647132,1285,1883,598
8748,1729626601,1863,1879,16
8749,1729624779,1713,1879,166
8750,1729624348,1660,1879,219
8751,1729624201,1869,1879,10
8752,1729623737,2132,1879,253
8753,1729540065,1638,1879,241
8754,1729539033,1858,1879,21
8755,1729536782,1869,1845,24
8756,1728676549,1719,1862,143
8757,1728676009,1857,1649,208
8758,1728675598,1653,1857,204
8759,1728674522,1849,1857,8
8760,1728673992,1846,1849,3
8761,1728619495,1660,1839,179
8762,1728619037,1838,0,1838
8763,1728618692,1838,771,1067
8764,1728618495,2050,1838,212
8765,1728605786,1906,1835,71
8766,1728602027,1835,1822,13
8767,1728601648,1835,138,1697
8768,1728583450,1698,1835,137
8769,1728582040,1785,1835,50
8770,1728534346,1835,2325,490
8771,1728533382,1877,1835,42
8772,1728532306,1544,1835,291
8773,1728531992,1544,1835,291
8774,1728519862,1617,1835,218
8775,1728518309,1835,1546,289
8776,1728517532,1835,1750,85
8777,1728517244,1789,1835,46
8778,1728516683,1834,1692,142
8779,1728516079,1788,1834,46
8780,1728515512,1834,1758,76
8781,1728514787,1834,567,1267
8782,1728502289,1873,1834,39
8783,1728500425,1834,1873,39
8784,1728499412,1753,1834,81
8785,1728499009,1834,1753,81
8786,1728497865,1680,1834,154
8787,1728444527,1834,1548,286
8788,1728444482,1533,1834,301
8789,1728443941,1874,1834,40
8790,1728443611,1834,198,1636
8791,1728431899,1834,1690,144
8792,1728431526,2030,1834,196
8793,1728431284,1834,1678,156
8794,1728430711,1834,1493,341
8795,1728430401,2030,1834,196
8796,1728429916,1834,1493,341
8797,1728429510,1595,1834,239
8798,1728429161,1901,1834,67
8799,1728418372,1736,1834,98
8800,1728418135,1834,1864,30
8801,1728417779,1834,1752,82
8802,1728410306,1834,1853,19
8803,1728409608,1834,1853,19
8804,1728409166,1906,1834,72
8805,1728408949,1707,1834,127
8806,1728408448,1834,1915,81
8807,1728365550,2438,1834,604
8808,1728364969,1834,0,1834
8809,1728355267,1834,1744,90
8810,1728335656,1833,0,1833
8811,1728335311,1761,1833,72
8812,1728334166,1864,1833,31
8813,1728333979,1864,1833,31
8814,1728333695,1915,1833,82
8815,1728332611,1833,1986,153
8816,1728327945,1833,1738,95
8817,1728326497,1833,1833,0
8818,1728090270,1833,0,1833
8819,1728089935,1656,1833,177
8820,1728089390,1339,1833,494
8821,1728087420,1833,1633,200
8822,1728086807,1833,1752,81
8823,1728086611,1833,1752,81
8824,1728075365,1739,1833,94
8825,1728074766,1820,1833,13
8826,1728074213,1833,1711,122
8827,1728073808,1833,1888,55
8828,1728073461,1833,1864,31
8829,1728071943,1833,1657,176
8830,1728069122,1735,1832,97
8831,1728068294,1805,1832,27
8832,1728067862,1953,1832,121
8833,1728016643,1832,1475,357
8834,1728015921,1617,1832,215
8835,1728015577,1617,1832,215
8836,1728015080,1832,1459,373
8837,1728014124,1863,1832,31
8838,1728013636,1737,1832,95
8839,1728012428,1631,1832,201
8840,1728012043,1857,1832,25
8841,1728011808,1857,1832,25
8842,1728011232,0,1832,1832
8843,1728003232,1832,1602,230
8844,1725775087,1807,1884,77
8845,1725774758,1884,1829,55
8846,1725774488,1884,1829,55
8847,1725774439,1883,1596,287
8848,1725773846,1883,1631,252
8849,1725773121,1871,1883,12
8850,1725769682,1883,2108,225
8851,1725769257,2108,1883,225
8852,1725768784,1983,1883,100
8853,1725768059,1883,1976,93
8854,1725767223,1883,1969,86
8855,1725766489,2194,1874,320
8856,1725766074,2194,1874,320
8857,1725765372,1874,2194,320
8858,1725764434,1874,1788,86
8859,1725764131,1874,1788,86
8860,1725763247,1829,1874,45
8861,1725762927,2360,1874,486
8862,1725761871,1874,1609,265
8863,1725761184,1984,1874,110
8864,1725760800,1873,1984,111
8865,1725759673,1846,1873,27
8866,1725758751,1873,1401,472
8867,1725758339,1873,1364,509
8868,1725757548,1873,1747,126
8869,1725691809,1253,1873,620
8870,1725690989,1873,2194,321
8871,1725689723,2053,1873,180
8872,1725689103,1124,1873,749
8873,1725688968,1873,1109,764
8874,1725688628,1873,1934,61
8875,1725688204,1873,1928,55
8876,1725687169,1763,1873,110
8877,1725522408,1640,1872,232
8878,1725522066,1872,1640,232
8879,1725521471,1872,1606,266
8880,1725520801,1872,1898,26
8881,1725520401,1898,1872,26
8882,1725519334,1810,1872,62
8883,1725518928,1872,1822,50
8884,1725518587,2147,1872,275
8885,1725516966,1871,1820,51
8886,1725516109,2138,1871,267
8887,1725514790,1871,2137,266
8888,1725510995,1871,1822,49
8889,1725510260,1871,1822,49
8890,1725509447,1871,1608,263
8891,1725508567,1871,1479,392
8892,1725508038,1757,1871,114
8893,1725507708,555,1871,1316
8894,1725507312,1348,1871,523
8895,1725506839,2193,1871,322
8896,1725506015,1860,1871,11
8897,1725481768,1735,1870,135
8898,1725481012,1879,1870,9
8899,1725433734,1870,2066,196
8900,1725433067,1739,1870,131
8901,1725432518,1768,1870,102
8902,1725426361,1415,1869,454
8903,1725426010,1412,1869,457
8904,1725425277,1768,1869,101
8905,1725424452,1560,1869,309
8906,1725424216,1869,1765,104
8907,1725423019,1897,1869,28
8908,1725421786,1768,1869,101
8909,1725421724,1613,1869,256
8910,1725420644,1825,1869,44
8911,1725420423,1880,1869,11
8912,1725415059,1869,1734,135
8913,1725414735,2062,1869,193
8914,1725414023,2264,1869,395
8915,1725413408,2061,1869,192
8916,1725412234,1868,1672,196
8917,1725411501,1843,1868,25
8918,1725410721,1578,1868,290
8919,1725409971,1751,1868,117
8920,1725409441,1868,1729,139
8921,1725408612,1742,1868,126
8922,1725407712,1554,1868,314
8923,1725406967,1868,1713,155
8924,1725402765,1830,1867,37
8925,1725381675,1966,1867,99
8926,1725381154,1867,1061,806
8927,1725372690,1805,1867,62
8928,1725349529,1976,1867,109
8929,1725349468,2203,1867,336
8930,1725348911,1867,1786,81
8931,1725348216,1866,1950,84
8932,1725347646,1866,2147,281
8933,1725346978,1866,1680,186
8934,1725346276,1866,2033,167
8935,1725345746,1866,1774,92
8936,1725344915,1851,1866,15
8937,1725343759,1849,1866,17
8938,1725343515,1866,1950,84
8939,1725340900,1984,1865,119
8940,1725340644,1865,1984,119
8941,1725337780,2060,1865,195
8942,1725337375,2066,1865,201
8943,1725336907,2118,1865,253
8944,1725093087,767,1510,743
8945,1725092711,1344,675,669
8946,1724736710,647,1628,981
8947,1724297483,624,1585,961
8948,1724169321,603,1469,866
8949,1724165891,575,1764,1189
8950,1724135059,1723,552,1171
8951,1724134505,1691,400,1291
8952,1724134149,1629,237,1392
8953,1724132622,61,1516,1455
8954,1724124659,609,0,609
8955,1726897294,288,1332,1044
8956,1726896700,1582,241,1341
8957,1725333013,1509,211,1298
8958,1724215676,101,127,26
8959,1723972642,56,1017,961
8960,1723972073,0,0,0
8961,1722467830,0,0,0
8962,1729018464,1651,1889,238
8963,1728040172,1586,1889,303
8964,1728039571,1758,1888,130
8965,1727968270,1888,1795,93
8966,1727810015,1798,1888,90
8967,1727809716,1798,1888,90
8968,1727808637,1887,1764,123
8969,1727808075,1705,1887,182
8970,1727797161,1925,1887,38
8971,1727796498,1833,1887,54
8972,1727796083,1887,2030,143
8973,1727784535,0,1887,1887
8974,1727553874,1887,1941,54
8975,1727552900,1887,1880,7
8976,1727469352,1791,1887,96
8977,1727467095,1791,1886,95
8978,1727466205,1886,1744,142
8979,1727465319,1886,1948,62
8980,1727445839,1886,1893,7
8981,1727437052,1886,2170,284
8982,1727436121,1886,1945,59
8983,1727435855,1886,713,1173
8984,1727381969,1734,1886,152
8985,1727258648,1959,1886,73
8986,1727257661,1959,1886,73
8987,1727256982,1886,1936,50
8988,1727007704,1944,1886,58
8989,1727007074,1905,1886,19
8990,1727006237,1886,1846,40
8991,1726992240,1930,1886,44
8992,1726991547,2130,1881,249
8993,1726990825,1881,1921,40
8994,1726950341,1923,1870,53
8995,1726949852,1858,1755,103
8996,1726948575,1850,1951,101
8997,1726947937,1752,1846,94
8998,1726946795,1828,1846,18
8999,1726946223,1845,1853,8
9000,1726930667,1845,1863,18
9001,1726839827,1845,1810,35
9002,1726839427,1905,1845,60
9003,1726838912,1905,1845,60
9004,1726837453,1845,1735,110
9005,1726836857,1844,1775,69
9006,1726835065,1895,1844,51
9007,1726834458,1899,1844,55
9008,1726774484,1844,1883,39
9009,1726773408,1835,1771,64
9010,1726772262,1834,1712,122
9011,1726771596,1834,1604,230
9012,1726751144,1833,1687,146
9013,1726662573,1682,1833,151
9014,1726661666,1833,1682,151
9015,1726598811,1833,1945,112
9016,1726598532,1945,1833,112
9017,1726598148,1862,1832,30
9018,1726586157,1804,1832,28
9019,1726585822,1738,1824,86
9020,1726584287,1816,1741,75
9021,1726576802,1807,1871,64
9022,1726575672,1807,1777,30
9023,1726508760,1807,1805,2
9024,1726508042,1827,1803,24
9025,1726507552,1803,1827,24
9026,1726403383,1812,1803,9
9027,1726390949,1803,2114,311
9028,1726390500,1683,1798,115
9029,1726390079,1627,1797,170
9030,1726344534,1797,1918,121
9031,1726330426,1751,1796,45
9032,1726329613,2005,1796,209
9033,1726329376,1796,1799,3
9034,1726328103,1796,1795,1
9035,1726320245,1852,1795,57
9036,1726319888,1794,1836,42
9037,1726319574,1836,1794,42
9038,1726319282,1793,1836,43
9039,1726318112,2298,1793,505
9040,1726317126,1793,1603,190
9041,1726261382,1793,1781,12
9042,1726238799,1807,1793,14
9043,1726235228,1849,1793,56
9044,1726234844,1792,1835,43
9045,1726233727,1791,1849,58
9046,1726233349,1791,1685,106
9047,1726232870,1790,1676,114
9048,1726232277,1789,1706,83
9049,1726231781,1789,1792,3
9050,1726231423,1788,1631,157
9051,1726144234,1788,1358,430
9052,1726081469,1901,1788,113
9053,1726080554,1683,1788,105
9054,1726079392,1854,1788,66
9055,1726079316,1582,1787,205
9056,1726079223,1582,1787,205
9057,1725993993,1722,1787,65
9058,1725993445,1786,1722,64
9059,1725992910,1785,1598,187
9060,1725992030,1785,1663,122
9061,1725971758,1741,1785,44
9062,1724002658,1315,1264,51
9063,1724001377,1263,1747,484
9064,1723999007,1695,1258,437
9065,1723929139,1640,1254,386
9066,1723928893,1209,1371,162
9067,1723928140,1664,1158,506
9068,1723927686,1110,1235,125
9069,1723927251,1446,1053,393
9070,1723924760,993,1481,488
9071,1723924479,204,959,755
9072,1723923899,928,36,892
9073,1723907817,325,889,564
9074,1723907655,882,1061,179
9075,1723904534,0,847,847
9076,1723800130,842,619,223
9077,1723799195,1125,831,294
9078,1723798847,815,1549,734
9079,1723796524,737,899,162
9080,1723762119,656,801,145
9081,1723760757,640,1041,401
9082,1723758279,536,1048,512
9083,1723758090,469,0,469
9084,1723756246,372,507,135
9085,1723755811,0,291,291
9086,1723736556,1276,150,1126
9087,1723732562,14,704,690
9088,1723731886,0,0,0
9089,1723731577,0,766,766
9090,1723583906,343,0,343
9091,1723761742,192,710,518
9092,1723742372,28,928,900
9093,1723737492,0,0,0
9094,1728468149,0,1861,1861
9095,1731226493,437,1885,1448
9096,1730649069,2022,1885,137
9097,1730648112,1885,1835,50
9098,1730647763,1885,2143,258
9099,1730564745,79,1885,1806
9100,1730450168,1885,1435,450
9101,1730449620,2532,1885,647
9102,1730449001,2167,1885,282
9103,1730422853,1882,1835,47
9104,1730376725,1962,1882,80
9105,1730367119,1882,1160,722
9106,1730365848,1882,1155,727
9107,1730365141,1882,1667,215
9108,1730364371,2503,1882,621
9109,1730364314,1881,415,1466
9110,1730363667,1881,874,1007
9111,1730276867,1881,1254,627
9112,1730275958,1639,1881,242
9113,1730274759,1880,1643,237
9114,1730273799,1880,1615,265
9115,1730273356,1880,1998,118
9116,1730219895,1880,1714,166
9117,1730219526,2189,1880,309
9118,1730218614,2046,1880,166
9119,1730218259,1880,2189,309
9120,1730203293,1880,877,1003
9121,1730202580,1879,873,1006
9122,1730112220,1531,1879,348
9123,1730048444,1879,880,999
9124,1730048169,1879,781,1098
9125,1730046748,1877,1627,250
9126,1730045863,1876,1692,184
9127,1730044956,1876,1769,107
9128,1730044116,1876,0,1876
9129,1730042465,1816,1876,60
9130,1730041317,1716,1870,154
9131,1730020926,1978,1858,120
9132,1730014038,1856,375,1481
9133,1730012838,1455,1852,397
9134,1730012059,1851,2194,343
9135,1730011199,347,1847,1500
9136,1729939537,2031,1830,201
9137,1729939165,2321,1826,495
9138,1729875070,2247,1822,425
9139,1729874998,0,1822,1822
9140,1729864164,1821,1511,310
9141,1729862524,2075,1821,254
9142,1729861812,1819,1617,202
9143,1729860970,1819,566,1253
9144,1729859893,1819,2407,588
9145,1729859524,1819,2407,588
9146,1729858839,2407,1819,588
9147,1729857141,1714,1811,97
9148,1729856024,594,1810,1216
9149,1729853716,1513,1806,293
9150,1729852694,1806,639,1167
9151,1729852473,0,1805,1805
9152,1729843870,1945,1805,140
9153,1729839627,65,1804,1739
9154,1729838826,1804,1746,58
9155,1729838312,1449,1804,355
9156,1729837400,1464,1804,340
9157,1729836033,1804,1278,526
9158,1729834982,1205,1804,599
9159,1729834212,722,1802,1080
9160,1729800858,1796,1750,46
9161,1729791816,1787,1768,19
9162,1729691610,1954,1777,177
9163,1729589227,1776,2007,231
9164,1729588198,1691,1776,85
9165,1729587967,1975,1776,199
9166,1729587220,1748,1776,28
9167,1729581278,1772,318,1454
9168,1729581020,1766,1699,67
9169,1729437206,1758,1701,57
9170,1729404030,2025,1758,267
9171,1729403642,2132,1758,374
9172,1729401064,1758,0,1758
9173,1729354474,1819,1757,62
9174,1729347676,1757,1699,58
9175,1729326055,1594,1756,162
9176,1729315895,1677,1756,79
9177,1729269163,1755,1601,154
9178,1729265631,1755,1907,152
9179,1729264490,1755,1611,144
9180,1729263342,1755,0,1755
9181,1729012486,1755,1706,49
9182,1729012250,1950,1755,195
9183,1728914756,1917,1754,163
9184,1728914144,1639,1754,115
9185,1728827022,1754,1817,63
9186,1728825785,1949,1754,195
9187,1728809175,2061,1754,307
9188,1728808493,1753,0,1753
9189,1728802100,1537,1753,216
9190,1728801311,1752,355,1397
9191,1728773269,1571,1752,181
9192,1728732950,1739,1751,12
9193,1728731442,1766,1751,15
9194,1728730404,1751,1555,196
9195,1726551388,2042,1879,163
9196,1726547124,2004,1877,127
9197,1726547018,1877,679,1198
9198,1726543409,2004,1875,129
9199,1726518833,1872,2005,133
9200,1726518548,1872,2005,133
9201,1726517450,2005,1872,133
9202,1726516380,1870,1856,14
9203,1726515079,1868,1902,34
9204,1726507139,1868,1895,27
9205,1726505822,1866,1752,114
9206,1726471303,1856,1863,7
9207,1726470717,1743,1863,120
9208,1726469469,1863,2005,142
9209,1726455793,2029,1853,176
9210,1726453664,2029,1850,179
9211,1726449314,1848,1613,235
9212,1726431785,1846,1890,44
9213,1726431187,1839,1846,7
9214,1726431072,1846,1831,15
9215,1726431039,1802,1846,44
9216,1726430165,1889,1846,43
9217,1726429504,1836,1910,74
9218,1726421144,1941,1826,115
9219,1726364634,1816,1908,92
9220,1726360338,1804,1869,65
9221,1726359687,1795,1797,2
9222,1726358677,1869,1787,82
9223,1726358077,2124,1787,337
9224,1726353697,1774,1990,216
9225,1726352607,1765,1761,4
9226,1726351862,1828,1761,67
9227,1726351585,1761,1935,174
9228,1726351101,1828,1740,88
9229,1726339781,1718,1918,200
9230,1726280393,1696,1850,154
9231,1726278013,1868,1671,197
9232,1726257358,1784,1647,137
9233,1726256179,1904,1620,284
9234,1726256143,963,1602,639
9235,1726251825,1904,1574,330
9236,1726192870,1915,1545,370
9237,1726192251,1516,1711,195
9238,1726156745,1485,1700,215
9239,1726118391,0,1473,1473
9240,1726108672,1782,1438,344
9241,1726102695,1498,1405,93
9242,1726101998,1690,1366,324
9243,1726088716,1325,1625,300
9244,1726087744,1756,1281,475
9245,1726087313,1640,1236,404
9246,1726086710,1233,1613,380
9247,1726085994,1611,1180,431
9248,1726084797,1672,1124,548
9249,1726083572,1671,1064,607
9250,1726082334,1465,999,466
9251,1726081430,1342,932,410
9252,1726078002,1446,857,589
9253,1726077701,777,1446,669
9254,1726077111,697,1137,440
9255,1726076091,607,1375,768
9256,1726075839,1207,510,697
9257,1726075473,832,415,417
9258,1726075166,304,1287,983
9259,1726074742,1188,183,1005
9260,1726074288,59,894,835
9261,1726074018,24,298,274
9262,1726073962,0,222,222
9263,1726073913,146,0,146
9264,1726073882,852,0,852
9265,1726070972,885,0,885
9266,1731608291,1864,1935,71
9267,1731607858,1857,1836,21
9268,1731607517,1836,1856,20
9269,1731607117,1836,1855,19
9270,1731606754,1836,1853,17
9271,1731606246,1852,2153,301
9272,1731606108,1851,1783,68
9273,1731604833,2086,1851,235
9274,1731604052,1850,1836,14
9275,1731603583,1850,1836,14
9276,1731602872,381,1848,1467
9277,1731602547,680,1847,1167
9278,1731602079,0,1847,1847
9279,1731601762,672,1846,1174
9280,1731600822,1844,1639,205
9281,1731600314,1120,1843,723
9282,1731600170,1842,1120,722
9283,1731599502,565,1840,1275
9284,1731598520,2085,1840,245
9285,1731597872,2046,1840,206
9286,1731596936,2023,1840,183
9287,1731596399,1839,1022,817
9288,1731596015,1837,1013,824
9289,1731593749,1836,2046,210
9290,1731591413,1834,1617,217
9291,1731513851,1833,1265,568
9292,1731503727,1831,1315,516
9293,1731502630,1272,1830,558
9294,1731501897,1828,1601,227
9295,1731501048,1828,2059,231
9296,1731500668,516,1826,1310
9297,1731500078,1825,455,1370
9298,1731499547,2058,1825,233
9299,1731498609,1823,1119,704
9300,1731496981,1821,1094,727
9301,1731496059,2286,1821,465
9302,1731495116,1820,1987,167
9303,1731494584,1824,1818,6
9304,1731493569,1816,1573,243
9305,1731492985,1816,989,827
9306,1731492104,970,1814,844
9307,1731491508,1812,949,863
9308,1731490873,1812,933,879
9309,1731490001,1812,2286,474
9310,1731489099,1283,1810,527
9311,1731488391,1283,1809,526
9312,1731332052,1836,1807,29
9313,1731331697,1805,1720,85
9314,1731137352,1805,1750,55
9315,1731136270,1803,1613,190
9316,1731135875,883,1801,918
9317,1731135382,1251,1799,548
9318,1731134470,1797,1498,299
9319,1731133723,1519,1794,275
9320,1731133332,1519,1792,273
9321,1731132384,1792,2253,461
9322,1731131428,1790,1511,279
9323,1731130447,1836,1788,48
9324,1731129688,1670,1786,116
9325,1731129383,2012,1786,226
9326,1731128906,2113,1786,327
9327,1731127930,2113,1786,327
9328,1731126568,2253,1786,467
9329,1731126195,1476,1783,307
9330,1731126027,1519,1781,262
9331,1731125443,1603,1779,176
9332,1731124410,2100,1779,321
9333,1731123756,1773,1602,171
9334,1731122530,1758,2027,269
9335,1731122234,2027,1743,284
9336,1731073615,1997,1729,268
9337,1731071582,1717,1475,242
9338,1731071006,1711,536,1175
9339,1731070026,1700,1601,99
9340,1731069348,1684,1646,38
9341,1731068933,44,1677,1633
9342,1731068422,1674,547,1127
9343,1731067191,1996,1653,343
9344,1731066047,2108,1647,461
9345,1731064812,2253,1636,617
9346,1731064353,1628,0,1628
9347,1731063876,1625,882,743
9348,1731062070,1619,1989,370
9349,1731058104,1595,1960,365
9350,1731056923,1960,1571,389
9351,1731056118,1567,981,586
9352,1731055344,1563,838,725
9353,1730304389,1537,1677,140
9354,1730304092,1509,1937,428
9355,1730303855,1489,1937,448
9356,1730303332,1487,1153,334
9357,1730301659,1642,1487,155
9358,1730300505,1627,1487,140
9359,1730299495,1487,1691,204
9360,1730298786,1453,1744,291
9361,1730298044,1453,1255,198
9362,1730297577,1424,1750,326
9363,1730297141,1398,846,552
9364,1730296548,1361,1816,455
9365,1730295810,1642,1329,313
9366,1725034452,1847,1962,115
9367,1725033955,1815,1845,30
9368,1725029555,1845,1852,7
9369,1725029089,1990,1845,145
9370,1725028782,1990,1845,145
9371,1725028510,1838,1990,152
9372,1725028278,1836,1990,154
9373,1725027891,1836,2136,300
9374,1725027107,1942,1836,106
9375,1725026519,2101,1819,282
9376,1725026135,2136,1809,327
9377,1725025858,1903,1807,96
9378,1725025518,2133,1807,326
9379,1725025101,1807,1941,134
9380,1725024371,1876,1803,73
9381,1725023392,1803,2133,330
9382,1725022591,1763,1796,33
9383,1725021851,1796,2129,333
9384,1725021270,1794,2129,335
9385,1725020188,1794,2028,234
9386,1724960284,790,1794,1004
9387,1724959791,1793,2131,338
9388,1724958795,1859,1791,68
9389,1724877127,1420,1791,371
9390,1724876451,1966,1791,175
9391,1724875953,1791,2022,231
9392,1724875520,1903,1780,123
9393,1724875138,1903,1769,134
9394,1724874760,1903,1764,139
9395,1724874237,1762,1797,35
9396,1724873440,1076,1760,684
9397,1724872533,1760,1888,128
9398,1724871879,1758,1762,4
9399,1724870932,2022,1758,264
9400,1724869893,2022,1758,264
9401,1724869057,1753,2022,269
9402,1724864684,1753,2021,268
9403,1724863571,1915,1741,174
9404,1724862838,1728,1915,187
9405,1724861872,1721,1837,116
9406,1724861573,1718,1837,119
9407,1724860500,1718,1837,119
9408,1724860124,1713,1837,124
9409,1724859862,1837,1711,126
9410,1724859237,1705,1709,4
9411,1724858777,1693,1709,16
9412,1724858363,1709,1681,28
9413,1724857850,1706,1760,54
9414,1724841860,1704,1910,206
9415,1724841318,1704,1734,30
9416,1724840448,1910,1704,206
9417,1724839511,1910,1696,214
9418,1724798764,1694,1844,150
9419,1724798169,1793,1691,102
9420,1724797823,1791,1691,100
9421,1724797252,1691,1736,45
9422,1724788099,1682,1245,437
9423,1724787513,1451,1672,221
9424,1724787194,1765,1666,99
9425,1724786716,1739,1664,75
9426,1724785955,1657,1661,4
9427,1724777422,1855,1661,194
9428,1724775678,1854,1661,193
9429,1724596838,1661,1902,241
9430,1724594336,1658,1858,200
9431,1724591492,1658,1901,243
9432,1724590847,1645,1901,256
9433,1724590044,1822,1632,190
9434,1724589677,1857,1620,237
9435,1724588790,1682,1609,73
9436,1724588368,1597,1691,94
9437,1724587454,1691,1589,102
9438,1723593504,1726,1589,137
9439,1723593353,1724,1589,135
9440,1723591765,1569,1643,74
9441,1723585614,1569,1732,163
9442,1723417882,1816,1546,270
9443,1723417384,1546,1815,269
9444,1723228668,1546,1710,164
9445,1723227828,1721,1519,202
9446,1722688464,1698,1517,181
9447,1722688288,1668,1492,176
9448,1722687183,1492,1619,127
9449,1722620434,1717,1492,225
9450,1722619791,1347,1492,145
9451,1722619239,1774,1492,282
9452,1722618635,1394,1458,64
9453,1722618246,1454,1763,309
9454,1722618084,1412,1688,276
9455,1722617187,1791,1408,383
9456,1722616632,1360,1653,293
9457,1722615936,1637,1309,328
9458,1722615456,1306,1704,398
9459,1722463450,1300,1638,338
9460,1722460879,1598,1297,301
9461,1722458419,1280,1864,584
9462,1722457757,1591,1212,379
9463,1722455858,1201,1562,361
9464,1722454829,1231,1134,97
9465,1722454101,1198,1062,136
9466,1724341775,1622,1940,318
9467,1724341362,1841,1597,244
9468,1723997699,1597,1908,311
9469,1723996064,2031,1592,439
9470,1723995837,1563,1840,277
9471,1723995284,1561,1894,333
9472,1723994750,1529,1906,377
9473,1723993846,2153,1520,633
9474,1723993608,1676,1484,192
9475,1723993191,1780,1446,334
9476,1723586529,1444,1765,321
9477,1723585929,1444,1781,337
9478,1723584897,1444,1872,428
9479,1723584518,1861,1396,465
9480,1723499738,1394,1846,452
9481,1723499242,2007,1340,667
9482,1723498909,1836,1283,553
9483,1723498316,1812,1222,590
9484,1723497974,1159,1467,308
9485,1723496742,1756,1089,667
9486,1723494890,1739,1014,725
9487,1723493063,1659,933,726
9488,1723492687,846,1635,789
9489,1723225992,1495,836,659
9490,1723225547,735,1623,888
9491,1723225291,1471,625,846
9492,1723224924,794,612,182
9493,1723139431,588,532,56
9494,1722691168,1419,505,914
9495,1722689973,361,1407,1046
9496,1722689118,249,325,76
9497,1722622197,1582,204,1378
9498,1722552103,686,51,635
9499,1722551613,0,459,459
9500,1725038089,2324,2119,205
9501,1724776930,2477,2324,153
9502,1724593590,2323,2186,137
9503,1724592993,2131,2323,192
9504,1724592593,1713,2323,610
9505,1724586307,2323,2223,100
9506,1724538269,2323,2229,94
9507,1724537026,2323,2229,94
9508,1724535996,2323,2046,277
9509,1724535378,2323,2314,9
9510,1724534926,2322,2309,13
9511,1724450023,2165,2322,157
9512,1724449705,2322,2083,239
9513,1724449243,2227,2322,95
9514,1724448431,2322,2227,95
9515,1724447481,2322,2043,279
9516,1724447035,2322,2031,291
9517,1724446336,2031,2322,291
9518,1724446036,2321,1987,334
9519,1724435194,2321,1971,350
9520,1724366610,2169,2321,152
9521,1724365626,1661,2321,660
9522,1724340374,2321,1965,356
9523,1724335852,1964,2320,356
9524,1724276263,2320,2116,204
9525,1724269370,2320,2140,180
9526,1724268904,2320,2294,26
9527,1724268225,2320,1943,377
9528,1724267901,2140,2319,179
9529,1724267362,2319,2035,284
9530,1724266876,2319,2035,284
9531,1724266352,2031,2318,287
9532,1724265994,2318,1940,378
9533,1724265597,2229,2318,89
9534,1724187216,2318,2226,92
9535,1724186906,1881,2317,436
9536,1724186654,2317,1881,436
9537,1724185676,2224,2317,93
9538,1724185287,1944,2317,373
9539,1724183507,2317,1732,585
9540,1724182885,2316,2032,284
9541,1724182499,2032,2316,284
9542,1724181961,2315,1966,349
9543,1724181585,2315,2166,149
9544,1724181019,2315,2021,294
9545,1724180491,2315,1926,389
9546,1724179301,2314,2055,259
9547,1724178063,2314,1598,716
9548,1724177670,1587,2314,727
9549,1724177625,2313,2226,87
9550,1724177241,2313,2225,88
9551,1724176888,2313,2225,88
9552,1724176558,2225,2313,88
9553,1724176133,2312,1652,660
9554,1724175870,2231,2312,81
9555,1724175303,2311,2231,80
9556,1724175058,2311,2151,160
9557,1724174633,2311,2231,80
9558,1724174028,2311,2220,91
9559,1724173675,2310,1589,721
9560,1724173251,1889,2310,421
9561,1724173093,2066,2310,244
9562,1724172753,2310,2203,107
9563,1724172307,2169,2310,141
9564,1724171666,2198,2310,112
9565,1724171274,2310,2116,194
9566,1724090059,2310,2233,77
9567,1724089766,2310,2224,86
9568,1724089364,2309,2160,149
9569,1724089054,2171,2309,138
9570,1724086473,2224,2305,81
9571,1724086189,2304,2224,80
9572,1724085825,2303,2224,79
9573,1724084704,2475,2303,172
9574,1724083156,2290,2475,185
9575,1724082663,2283,2011,272
9576,1724082356,2276,1955,321
9577,1724081360,2272,2275,3
9578,1724080947,2274,2008,266
9579,1724079912,2160,2274,114
9580,1723998371,2270,2060,210
9581,1723996673,2267,2020,247
9582,1723932261,2261,2003,258
9583,1723932047,2003,2256,253
9584,1723931709,2252,2012,240
9585,1723930827,2058,2248,190
9586,1723930117,2058,2243,185
9587,1723929690,2058,2239,181
9588,1723929405,2234,2058,176
9589,1723928590,2231,1892,339
9590,1723928077,2226,1805,421
9591,1723927500,2222,2067,155
9592,1723926949,2218,1942,276
9593,1723926535,2212,2013,199
9594,1723926026,2205,2054,151
9595,1723925450,2201,2135,66
9596,1723920227,2201,1940,261
9597,1723919844,2030,2200,170
9598,1723919565,2200,1939,261
9599,1723918737,2199,2152,47
9600,1731591357,2028,1359,669
9601,1731591282,1359,1800,441
9602,1731590151,1121,1357,236
9603,1731537241,1848,1357,491
9604,1731536196,1755,1357,398
9605,1731535036,1357,1754,397
9606,1731534877,1357,1840,483
9607,1731534192,886,1355,469
9608,1731340422,1116,1355,239
9609,1731268422,1421,1353,68
9610,1731267798,1353,1600,247
9611,1731249957,1353,1367,14
9612,1731245389,1351,301,1050
9613,1731105051,1349,1682,333
9614,1731104543,1893,1349,544
9615,1731103888,1043,1347,304
9616,1731102761,1347,1423,76
9617,1731102269,1347,1885,538
9618,1731102195,1883,1347,536
9619,1731102147,1883,1347,536
9620,1731102102,1883,1347,536
9621,1731101844,1883,1347,536
9622,1730843771,1345,1183,162
9623,1730836617,1343,1342,1
9624,1730835780,1340,1343,3
9625,1730835523,1340,1808,468
9626,1730833804,1791,1340,451
9627,1730833768,1340,1788,448
9628,1730754654,1372,1340,32
9629,1730754063,1340,1335,5
9630,1730746715,1235,1338,103
9631,1730746157,1336,0,1336
9632,1730735171,1333,102,1231
9633,1730733572,1331,1247,84
9634,1730732623,1814,1331,483
9635,1730730146,1331,1248,83
9636,1730729177,416,1329,913
9637,1730725109,2346,1329,1017
9638,1730724645,1329,2346,1017
9639,1730724172,2346,1329,1017
9640,1730724047,1329,2345,1016
9641,1730723681,1329,1718,389
9642,1730722768,1326,1329,3
9643,1730721238,1326,1632,306
9644,1730720779,1798,1326,472
9645,1730718000,1428,1326,102
9646,1730717964,1428,1317,111
9647,1730717916,1428,1298,130
9648,1730717814,1428,1279,149
9649,1730717580,1276,2029,753
9650,1730717407,2029,1272,757
9651,1730646152,1251,1435,184
9652,1730645510,1429,1247,182
9653,1730645120,1427,1242,185
9654,1730645052,1216,1476,260
9655,1730644448,1189,1476,287
9656,1730643670,953,1174,221
9657,1730642420,1386,1168,218
9658,1730642352,1158,1675,517
9659,1730642072,1677,1149,528
9660,1730640861,1122,1677,555
9661,1730618278,1115,1628,513
9662,1730617435,1106,1562,456
9663,1730570892,1106,1132,26
9664,1730570442,1553,1096,457
9665,1730569817,1096,960,136
9666,1730568887,1402,1054,348
9667,1730568187,658,1026,368
9668,1730472928,1013,1702,689
9669,1730472844,1702,1000,702
9670,1730472151,1702,987,715
9671,1730471457,1009,939,70
9672,1730350662,939,0,939
9673,1730307417,891,1582,691
9674,1730169659,840,1098,258
9675,1730168988,815,1670,855
9676,1730168572,813,2074,1261
9677,1730168252,1404,813,591
9678,1730167555,36,811,775
9679,1730166197,811,1572,761
9680,1730166105,811,1571,760
9681,1730164673,1617,811,806
9682,1730164163,811,1395,584
9683,1730163880,811,1625,814
9684,1730163163,1569,811,758
9685,1730039322,2077,706,1371
9686,1730036285,1539,585,954
9687,1729446264,1259,472,787
9688,1727897509,1526,325,1201
9689,1727896962,259,1957,1698
9690,1727867589,1551,84,1467
9691,1727730701,0,1618,1618
9692,1731337237,1847,1623,224
9693,1731334818,1847,1377,470
9694,1731293670,1847,129,1718
9695,1731292876,61,1847,1786
9696,1731248658,1847,775,1072
9697,1731247046,1847,168,1679
9698,1731244639,1847,1040,807
9699,1731244177,412,1847,1435
9700,1731243726,1847,378,1469
9701,1731205006,1847,1607,240
9702,1731204244,1847,1511,336
9703,1731203370,1847,995,852
9704,1731202975,1310,1847,537
9705,1731173128,1806,1846,40
9706,1731165402,1679,1846,167
9707,1731164829,1846,1413,433
9708,1731163239,1603,1846,243
9709,1731163014,1846,1692,154
9710,1731162226,1846,1204,642
9711,1731161242,1481,1846,365
9712,1731160729,1019,1846,827
9713,1731160609,1846,1976,130
9714,1731160012,277,1846,1569
9715,1731159480,223,1846,1623
9716,1731158497,1735,1846,111
9717,1731158385,2132,1846,286
9718,1731158312,2129,1846,283
9719,1731158221,2126,1846,280
9720,1731157825,2029,1846,183
9721,1731157461,1846,2151,305
9722,1731157369,885,1846,961
9723,1731155783,0,1846,1846
9724,1731100943,720,1846,1126
9725,1731099709,1846,1604,242
9726,1731099301,1846,0,1846
9727,1731098508,0,1846,1846
9728,1731097191,1846,1502,344
9729,1731096902,2566,1846,720
9730,1731096281,1745,1846,101
9731,1731095565,1846,1916,70
9732,1731095031,1440,1846,406
9733,1731094910,1846,1440,406
9734,1731094510,1846,1440,406
9735,1731094181,2565,1846,719
9736,1731093679,2029,1846,183
9737,1730965456,1118,1846,728
9738,1730965328,1846,1955,109
9739,1730965137,1846,0,1846
9740,1730964549,342,1846,1504
9741,1730964135,1846,2029,183
9742,1730963837,2029,1846,183
9743,1730963456,882,1846,964
9744,1730958501,1846,1571,275
9745,1730958435,1893,1846,47
9746,1730957502,1846,1892,46
9747,1730956997,1846,1939,93
9748,1730956308,1846,1476,370
9749,1730955307,1404,1846,442
9750,1730954559,803,1846,1043
9751,1730953811,948,1846,898
9752,1730953269,1846,1404,442
9753,1730952848,1846,1911,65
9754,1730952610,2003,1846,157
9755,1730951887,1846,2220,374
9756,1730951802,501,1845,1344
9757,1730950935,1604,1844,240
9758,1730950661,1844,492,1352
9759,1730950252,1844,1505,339
9760,1730949941,1844,2414,570
9761,1730949488,864,1844,980
9762,1730948732,1108,1844,736
9763,1730948442,1844,1108,736
9764,1730947502,1844,1463,381
9765,1730947436,1844,885,959
9766,1730947363,885,1844,959
9767,1730849205,1844,1568,276
9768,1730848515,1844,0,1844
9769,1730844408,1599,1844,245
9770,1730844278,1844,1302,542
9771,1730843618,2078,1844,234
9772,1730843134,1844,1809,35
9773,1730842926,2211,1844,367
9774,1730842368,1844,1720,124
9775,1730834667,1844,1580,264
9776,1730833956,1844,1782,62
9777,1730833704,1851,1844,7
9778,1730833454,1832,1844,12
9779,1730833193,1844,2511,667
9780,1730832603,1844,1871,27
9781,1730789478,1617,1840,223
9782,1730715551,1830,1805,25
9783,1730713566,1500,1828,328
9784,1730713088,1248,1827,579
9785,1730691139,1639,1824,185
9786,1730690371,297,1824,1527
9787,1730690112,662,1824,1162
9788,1730689792,632,1824,1192
9789,1730689390,355,1824,1469
9790,1730688482,1824,1789,35
9791,1730687953,861,1824,963
9792,1731554042,2050,1606,444
9793,1731553748,713,2049,1336
9794,1731552757,2047,2305,258
9795,1731551512,2046,1613,433
9796,1731551269,2045,1613,432
9797,1731550869,2043,1613,430
9798,1731470068,2043,1958,85
9799,1731469334,826,2042,1216
9800,1731469282,824,2041,1217
9801,1731468726,509,2039,1530
9802,1731467184,2038,1309,729
9803,1731466422,2037,1752,285
9804,1729664687,2037,2182,145
9805,1728811540,2035,1994,41
9806,1728810533,2035,2243,208
9807,1728807161,2034,1801,233
9808,1727765482,2032,1754,278
9809,1727764730,2032,2134,102
9810,1727764037,2031,1870,161
9811,1727763535,2029,2222,193
9812,1727762158,2029,2311,282
9813,1727761216,2028,2111,83
9814,1727760076,2107,2028,79
9815,1727759444,2222,2028,194
9816,1727510838,2028,2027,1
9817,1727510000,2093,2026,67
9818,1727509342,2026,2026,0
9819,1727508566,2024,2026,2
9820,1727507660,2024,2093,69
9821,1727506806,2023,1871,152
9822,1727505481,2021,2093,72
9823,1727504623,2021,2093,72
9824,1727340643,2020,2000,20
9825,1727339744,1784,2020,236
9826,1727339093,1780,2018,238
9827,1727337937,2016,2222,206
9828,1727337030,1916,2014,98
9829,1727336238,2013,1916,97
9830,1727335140,2013,2139,126
9831,1727334551,2013,2132,119
9832,1727333979,2013,1972,41
9833,1727167954,1936,2011,75
9834,1727167503,2009,1936,73
9835,1727166250,1868,2007,139
9836,1727165867,2339,2007,332
9837,1727164873,2005,1944,61
9838,1727163779,1868,2003,135
9839,1727163023,1944,2001,57
9840,1727162499,1999,2132,133
9841,1727161630,1997,1944,53
9842,1727083436,1997,1931,66
9843,1727081535,1749,1997,248
9844,1727081041,1744,1995,251
9845,1727080147,1771,1993,222
9846,1727079402,1771,1991,220
9847,1727079323,1989,1771,218
9848,1726999016,2070,1987,83
9849,1726997680,2070,1985,85
9850,1726996736,1983,2259,276
9851,1726996509,2254,1983,271
9852,1726995568,2302,1983,319
9853,1726994307,2300,1983,317
9854,1726993902,2244,1983,261
9855,1726993318,1983,2065,82
9856,1726992587,2292,1983,309
9857,1726992047,1983,2288,305
9858,1726990359,1983,2279,296
9859,1726897983,1956,1983,27
9860,1726897207,1953,1983,30
9861,1726896320,1975,1933,42
9862,1726895633,2155,1969,186
9863,1726895177,1966,2155,189
9864,1726824454,1966,1894,72
9865,1726821750,1959,1916,43
9866,1726819744,1952,1916,36
9867,1726818902,1916,1945,29
9868,1726808557,1937,1950,13
9869,1726807151,1929,1950,21
9870,1726643785,1924,1817,107
9871,1726642144,1628,1920,292
9872,1726641310,1828,1918,90
9873,1726640518,1915,1089,826
9874,1726640006,1089,1912,823
9875,1726056640,1912,2310,398
9876,1726055774,1742,1907,165
9877,1726055105,2310,1902,408
9878,1726054627,1902,2310,408
9879,1726053562,1902,797,1105
9880,1725949516,1896,1855,41
9881,1725948374,1889,1930,41
9882,1725947787,1889,2346,457
9883,1725946531,1900,1881,19
9884,1725946059,1878,2346,468
9885,1725945658,1866,2346,480
9886,1725944732,1900,1858,42
9887,1725943595,1854,1772,82
9888,1725873637,2310,1854,456
9889,1725873213,1841,1890,49
9890,1725872466,2310,1832,478
9891,1725872119,1829,1859,30
9892,1731560757,1842,1176,666
9893,1731559900,1492,1832,340
9894,1731558996,1923,1816,107
9895,1731558248,1400,1808,408
9896,1731557408,2231,1801,430
9897,1731557138,1795,1157,638
9898,1731556794,1789,18,1771
9899,1731556336,1778,972,806
9900,1731556136,955,1766,811
9901,1731555663,1764,886,878
9902,1731554903,1606,1753,147
9903,1731554510,1743,583,1160
9904,1731477289,1728,1660,68
9905,1731476887,1536,1707,171
9906,1731476216,1194,1700,506
9907,1731476194,1827,1681,146
9908,1731474798,1681,2600,919
9909,1731473715,1705,1678,27
9910,1731472300,1678,2286,608
9911,1731471645,2286,1675,611
9912,1731464817,1672,53,1619
9913,1731464577,1462,1672,210
9914,1729664297,1665,814,851
9915,1729663093,1650,1461,189
9916,1729662612,187,1640,1453
9917,1729661788,141,1631,1490
9918,1729661458,1621,88,1533
9919,1729660988,1610,27,1583
9920,1729660217,1594,1461,133
9921,1729659783,1584,331,1253
9922,1729659358,1580,832,748
9923,1729659076,281,1568,1287
9924,1729613159,1536,2001,465
9925,1729612124,1536,1953,417
9926,1729611097,1935,1488,447
9927,1729610333,1437,1935,498
9928,1729608882,1738,1391,347
9929,1728916252,1339,1354,15
9930,1728915938,1822,1278,544
9931,1728806164,1251,2407,1156
9932,1728804729,1234,1952,718
9933,1728803691,1154,1952,798
9934,1728803480,1119,830,289
9935,1728802324,1814,1030,784
9936,1728802060,978,1255,277
9937,1728801837,911,1304,393
9938,1728801629,823,1514,691
9939,1728800937,707,1468,761
9940,1728799827,1924,660,1264
9941,1728799287,1824,518,1306
9942,1728798965,431,0,431
9943,1728798073,1843,279,1564
9944,1728797915,145,708,563
9945,1728796993,2407,64,2343
9946,1728794960,2061,0,2061
9947,1725693415,1842,1313,529
9948,1725193555,1729,1842,113
9949,1725192746,1837,1842,5
9950,1725191733,1841,1814,27
9951,1725190609,1814,1841,27
9952,1725190053,1841,1727,114
9953,1725189246,1841,1752,89
9954,1725188852,1840,1752,88
9955,1725188437,1752,1840,88
9956,1725187369,1840,1590,250
9957,1725186950,1715,1840,125
9958,1725186085,1840,1826,14
9959,1725185826,1840,1720,120
9960,1725184858,1831,1840,9
9961,1725183760,1840,1645,195
9962,1725182854,1840,1702,138
9963,1725182198,1707,1840,133
9964,1725181654,1840,1777,63
9965,1725180905,1840,1700,140
9966,1725179927,1839,1904,65
9967,1725179510,1747,1839,92
9968,1725179205,1951,1839,112
9969,1725178383,1839,1825,14
9970,1725177689,1808,1839,31
9971,1725177395,1902,1839,63
9972,1724924558,1828,1931,103
9973,1724924158,1828,2131,303
9974,1724923821,1827,2131,304
9975,1724923364,2131,1827,304
9976,1724922275,1827,1823,4
9977,1724921979,1900,1827,73
9978,1724921430,1827,1868,41
9979,1724920751,2045,1820,225
9980,1724920211,1777,1820,43
9981,1724919706,1819,1777,42
9982,1724919229,1819,1641,178
9983,1724918792,2038,1819,219
9984,1724918348,1819,2433,614
9985,1724918002,1899,1819,80
9986,1724917463,1776,1810,34
9987,1724917114,1800,1776,24
9988,1724916972,1835,1791,44
9989,1724916099,1835,1785,50
9990,1724837812,1784,1838,54
9991,1724837334,1838,1784,54
9992,1724836565,1783,1759,24
9993,1724836095,1691,1783,92
9994,1724835009,1831,1783,48
9995,1724834663,1844,1783,61
9996,1724833508,1782,1910,128
9997,1724833133,1686,1782,96
9998,1724832850,1782,1686,96
9999,1724832774,1782,1655,127
10000,1724832503,1621,1781,160
10001,1724832154,1781,1755,26
10002,1724831763,1781,1744,37
10003,1724831415,1814,1781,33
10004,1724830335,1652,1780,128
10005,1724829857,1780,1617,163
10006,1724829404,1780,1611,169
10007,1724828644,1703,1780,77
10008,1724828034,1779,1782,3
10009,1724827543,1779,1638,141
10010,1724750702,1779,1938,159
10011,1724750245,1779,686,1093
10012,1724749649,1692,1779,87
10013,1724749222,1779,1805,26
10014,1724748309,1208,1779,571
10015,1724747792,1706,1778,72
10016,1724747551,1778,1764,14
10017,1724747208,1778,261,1517
10018,1724747067,1667,1778,111
10019,1724745793,1778,1585,193
10020,1724745342,1778,1844,66
10021,1724744863,1769,1690,79
10022,1724743729,1761,1058,703
10023,1724743476,1752,1760,8
10024,1724742166,1739,1794,55
10025,1724741732,1730,1759,29
10026,1724741363,1729,1756,27
10027,1724741070,1729,1756,27
10028,1724740126,1835,1722,113
10029,1724739896,1721,1578,143
10030,1724739534,1575,1721,146
10031,1724582182,1721,1575,146
10032,1724581382,1728,1721,7
10033,1724581051,1720,1690,30
10034,1724580620,1720,1689,31
10035,1724579703,1731,1720,11
10036,1724579006,1739,1720,19
10037,1724577676,1739,1719,20
10038,1724577036,1822,1719,103
10039,1724576456,1717,1739,22
10040,1724575714,1716,1733,17
10041,1724574611,1750,1716,34
10042,1724573480,1527,1716,189
10043,1724573064,1706,1608,98
10044,1724571791,1700,1561,139
10045,1724571282,1719,1700,19
10046,1724570672,1820,1699,121
10047,1725786571,1484,1641,157
10048,1725786049,1461,1461,0
10049,1725785108,1723,1461,262
10050,1725784105,1460,1766,306
10051,1725783367,1434,1820,386
10052,1725782230,1406,1521,115
10053,1725782008,1377,1530,153
10054,1725781939,1365,0,1365
10055,1725781040,1636,1363,273
10056,1725779970,1599,1358,241
10057,1725709903,1676,1323,353
10058,1725709395,1604,1286,318
10059,1725708776,1279,1764,485
10060,1725707040,1276,1385,109
10061,1725706430,1673,1268,405
10062,1725705805,1773,1265,508
10063,1725704899,1671,1261,410
10064,1725704080,1812,1207,605
10065,1725703231,1572,1207,365
10066,1725702458,1820,1204,616
10067,1725701886,1139,1820,681
10068,1725701417,1542,1070,472
10069,1725699984,1013,1025,12
10070,1725698725,1013,968,45
10071,1725697924,1638,930,708
10072,1725696446,1836,902,934
10073,1725695846,1734,804,930
10074,1725694729,798,1711,913
10075,1725693496,1969,760,1209
10076,1725692396,642,1549,907
10077,1725691186,510,1572,1062
10078,1725690381,364,1572,1208
10079,1725689842,263,77,186
10080,1725689309,207,1784,1577
10081,1725688411,1726,28,1698
10082,1725687091,0,0,0
10083,1724567498,1835,1308,527
10084,1724566969,1835,2046,211
10085,1724566394,2046,1835,211
10086,1724566089,1679,1835,156
10087,1723709517,1828,914,914
10088,1723707079,1845,1821,24
10089,1723706326,1848,1820,28
10090,1723705489,1820,1921,101
10091,1723704907,1819,1887,68
10092,1723703598,1802,1819,17
10093,1723703143,1816,1845,29
10094,1723702696,2115,1816,299
10095,1723620608,1775,1806,31
10096,1723620565,1805,1632,173
10097,1723619550,1764,1805,41
10098,1723618868,1796,1749,47
10099,1723617586,1791,1774,17
10100,1723617488,2158,1791,367
10101,1723616458,1782,1829,47
10102,1723616128,666,1781,1115
10103,1723615262,1781,1983,202
10104,1723534955,1773,1466,307
10105,1723534134,1766,1797,31
10106,1723533905,1687,1765,78
10107,1723533436,1785,1764,21
10108,1723532825,1785,1764,21
10109,1723443359,1932,1763,169
10110,1723441875,1646,1762,116
10111,1723441225,1843,1762,81
10112,1723440684,1761,1780,19
10113,1723439951,1761,1890,129
10114,1723439366,1889,1761,128
10115,1723438016,1889,1760,129
10116,1723437300,1807,1759,48
10117,1723419488,1758,1816,58
10118,1723418985,1758,1708,50
10119,1723418406,1714,1758,44
10120,1723418038,1707,1758,51
10121,1723416983,1714,1757,43
10122,1723415984,1598,1756,158
10123,1723415724,1076,1755,679
10124,1723414558,1714,1755,41
10125,1723413245,1753,1796,43
10126,1723412879,1673,1753,80
10127,1723411547,1834,1752,82
10128,1723411151,1834,1751,83
10129,1723410444,1750,1890,140
10130,1723409412,1749,1723,26
10131,1723408214,1462,1748,286
10132,1723405723,1717,1746,29
10133,1723404996,1746,1781,35
10134,1723404764,1745,1646,99
10135,1723404659,1744,857,887
10136,1723403497,1744,1776,32
10137,1723401496,1742,1684,58
10138,1723401147,1681,1742,61
10139,1723327241,1741,1729,12
10140,1723326385,1740,1587,153
10141,1723325924,1587,1738,151
10142,1723325686,1667,1738,71
10143,1723324829,1738,1612,126
10144,1723324226,1683,1738,55
10145,1723323945,1682,1738,56
10146,1723322570,1738,1629,109
10147,1723286937,1738,1577,161
10148,1723286453,1600,1737,137
10149,1723285683,1736,1323,413
10150,1723284414,1518,1734,216
10151,1723283762,1696,1733,37
10152,1723283412,1284,1731,447
10153,1723282720,1605,1731,126
10154,1723281259,1731,1721,10
10155,1723280280,1673,1731,58
10156,1723279798,1731,1573,158
10157,1723278883,1713,1730,17
10158,1723278116,1713,1728,15
10159,1723277485,1257,1728,471
10160,1723276109,1728,1590,138
10161,1723275280,1588,1728,140
10162,1723274134,1728,1668,60
10163,1723273489,1728,1719,9
10164,1723272669,1728,1751,23
10165,1723271784,1778,1728,50
10166,1723270525,1728,1655,73
10167,1723269792,1728,1771,43
10168,1723243868,1727,1686,41
10169,1723243192,1727,1827,100
10170,1723242603,1626,1716,90
10171,1723241939,1626,1714,88
10172,1723241196,1777,1714,63
10173,1723239856,1702,1759,57
10174,1723196988,1809,1699,110
10175,1723196337,1699,1775,76
10176,1723196266,1845,1687,158
10177,1723195554,1672,1677,5
10178,1723195093,1764,1673,91
10179,1723194387,1890,1673,217
10180,1723193136,1672,1671,1
10181,1723192150,1670,1738,68
10182,1723191259,1754,1670,84
10183,1722715308,0,0,0
10184,1729578428,1786,1836,50
10185,1729577633,1786,1832,46
10186,1727776242,1825,1795,30
10187,1727775294,1833,1817,16
10188,1727775011,1833,1808,25
10189,1727774234,1974,1798,176
10190,1727773491,1787,1974,187
10191,1727772124,1974,1786,188
10192,1727766300,1786,2136,350
10193,1727765553,1786,2135,349
10194,1727764565,1786,2109,323
10195,1727763795,1849,1784,65
10196,1726908250,1909,1784,125
10197,1726891024,1772,1892,120
10198,1726889440,1769,1782,13
10199,1726884689,1891,1767,124
10200,1726883575,1809,1767,42
10201,1726882938,1767,1161,606
10202,1726538832,1752,1914,162
10203,1724912551,1741,1773,32
10204,1724814890,1694,1731,37
10205,1724813948,1721,1735,14
10206,1724810110,1716,1770,54
10207,1724726709,1584,1715,131
10208,1724711512,1690,1713,23
10209,1724707103,1712,1732,20
10210,1724705866,1710,1799,89
10211,1724705590,1710,1757,47
10212,1724654775,1709,1388,321
10213,1724650960,1707,1678,29
10214,1724650605,1707,1678,29
10215,1724646443,1706,1478,228
10216,1724629838,1704,1755,51
10217,1724478877,1702,1656,46
10218,1724477491,1702,1756,54
10219,1724476753,1799,1702,97
10220,1724475773,1638,1702,64
10221,1724475272,1787,1702,85
10222,1724474296,1702,1586,116
10223,1724473087,1583,1701,118
10224,1724472538,1701,1866,165
10225,1724471214,1751,1701,50
10226,1724469129,1869,1701,168
10227,1724467791,1690,1712,22
10228,1724287950,1815,1680,135
10229,1724282137,1678,1617,61
10230,1724281042,1677,1410,267
10231,1724280235,1677,1856,179
10232,1724278242,1855,1677,178
10233,1724275953,1825,1665,160
10234,1724218974,1662,1704,42
10235,1724217935,1843,1662,181
10236,1724216036,1710,1652,58
10237,1724214447,1660,1650,10
10238,1724213321,1650,1662,12
10239,1724124143,1639,1682,43
10240,1724123774,1632,1622,10
10241,1724121423,1631,1741,110
10242,1724046164,1708,1629,79
10243,1724043707,1607,1627,20
10244,1724043411,1663,1627,36
10245,1724041996,1627,1664,37
10246,1724040961,1680,1627,53
10247,1724038285,1605,1625,20
10248,1724035677,1559,1623,64
10249,1724034942,1811,1623,188
10250,1724033738,1623,1313,310
10251,1724032625,1621,1660,39
10252,1724032052,1621,1649,28
10253,1724031748,1778,1621,157
10254,1724008763,1698,1618,80
10255,1724008132,1618,1851,233
10256,1723992645,1607,1498,109
10257,1723992250,1694,1605,89
10258,1723991203,1653,1605,48
10259,1723933942,1595,1557,38
10260,1723932445,1114,1593,479
10261,1723931832,1621,1593,28
10262,1723928577,1581,1588,7
10263,1723927708,1616,1570,46
10264,1723924309,1562,1264,298
10265,1723923561,1560,1558,2
10266,1723787351,1586,1558,28
10267,1723786344,1646,1558,88
10268,1723784696,1689,1555,134
10269,1723708153,1454,1553,99
10270,1723707136,1695,1551,144
10271,1723706497,1682,1551,131
10272,1723706013,1551,775,776
10273,1723696431,1548,735,813
10274,1723667118,865,1548,683
10275,1723614165,1546,373,1173
10276,1723613243,1772,1546,226
10277,1723612674,1546,1772,226
10278,1723612214,1546,1666,120
10279,1723579430,1537,769,768
10280,1723511360,1525,1671,146
10281,1723507234,1751,1513,238
10282,1723501980,1508,1191,317
10283,1723501318,1614,1508,106
10284,1722412578,0,475,475
10285,1722411089,1220,0,1220
